$Size
64,64,64
$1.0
-0.05,0.05,0.05
$2.0
0.1,0.1,0.1
$3.0
0.15,0.15,0.15
$4.0
0.2,0.2,0.2
$5.0
0.25,0.25,0.25
$6.0
0.3,0.3,0.3
$7.0
0.35,0.35,0.35
$8.0
0.4,0.4,0.4
$9.0
0.45,0.45,0.45
$10.0
0.5,0.5,0.5
$11.0
0.55,0.55,0.55
$12.0
0.6,0.6,0.6
$13.0
0.65,0.65,0.65
$14.0
0.7,0.7,0.7
$15.0
0.75,0.75,0.75
$16.0
0.8,0.8,0.8
$17.0
0.85,0.85,0.85
$18.0
0.9,0.9,0.9
$19.0
0.95,0.95,0.95
$20.0
1.0,1.0,1.0
$21.0
1.05,1.05,1.05
$22.0
1.1,1.1,1.1
$23.0
1.15,1.15,1.15
$24.0
1.2,1.2,1.2
$25.0
1.25,1.25,1.25
$26.0
1.3,1.3,1.3
$27.0
1.35,1.35,1.35
$28.0
1.4,1.4,1.4
$29.0
1.45,1.45,1.45
$30.0
1.5,1.5,1.5
$31.0
1.55,1.55,1.55
$32.0
1.6,1.6,1.6
$33.0
1.65,1.65,1.65
$34.0
1.7,1.7,1.7
$35.0
1.75,1.75,1.75
$36.0
1.8,1.8,1.8
$37.0
1.85,1.85,1.85
$38.0
1.9,1.9,1.9
$39.0
1.95,1.95,1.95
$40.0
2.0,2.0,2.0
$41.0
2.05,2.05,2.05
$42.0
2.1,2.1,2.1
$43.0
2.15,2.15,2.15
$44.0
2.2,2.2,2.2
$45.0
2.25,2.25,2.25
$46.0
2.3,2.3,2.3
$47.0
2.35,2.35,2.35
$48.0
2.4,2.4,2.4
$49.0
2.45,2.45,2.45
$50.0
2.5,2.5,2.5
$51.0
2.55,2.55,2.55
$52.0
2.6,2.6,2.6
$53.0
2.65,2.65,2.65
$54.0
2.7,2.7,2.7
$55.0
2.75,2.75,2.75
$56.0
2.8,2.8,2.8
$57.0
2.85,2.85,2.85
$58.0
2.9,2.9,2.9
$59.0
2.95,2.95,2.95
$60.0
3.0,3.0,3.0
$61.0
3.05,3.05,3.05
$62.0
3.1,3.1,3.1
$63.0
3.15,3.15,3.15
$64.0
3.2,3.2,3.2
$65.0
3.25,3.25,3.25
$66.0
3.3,3.3,3.3
$67.0
3.35,3.35,3.35
$68.0
3.4,3.4,3.4
$69.0
3.45,3.45,3.45
$70.0
3.5,3.5,3.5
$71.0
3.55,3.55,3.55
$72.0
3.6,3.6,3.6
$73.0
3.65,3.65,3.65
$74.0
3.7,3.7,3.7
$75.0
3.75,3.75,3.75
$76.0
3.8,3.8,3.8
$77.0
3.85,3.85,3.85
$78.0
3.9,3.9,3.9
$79.0
3.95,3.95,3.95
$80.0
4.0,4.0,4.0
$81.0
4.05,4.05,4.05
$82.0
4.1,4.1,4.1
$83.0
4.15,4.15,4.15
$84.0
4.2,4.2,4.2
$85.0
4.25,4.25,4.25
$86.0
4.3,4.3,4.3
$87.0
4.35,4.35,4.35
$88.0
4.4,4.4,4.4
$89.0
4.45,4.45,4.45
$90.0
4.5,4.5,4.5
$91.0
4.55,4.55,4.55
$92.0
4.6,4.6,4.6
$93.0
4.65,4.65,4.65
$94.0
4.7,4.7,4.7
$95.0
4.75,4.75,4.75
$96.0
4.8,4.8,4.8
$97.0
4.85,4.85,4.85
$98.0
4.9,4.9,4.9
$99.0
4.95,4.95,4.95
$100.0
5.0,5.0,5.0
