    1  -2.0000000e+00  -1.8000000e+01
    2   0.0000000e+00  -1.8000000e+01
    3   2.0000000e+00  -1.8000000e+01
    4   4.0000000e+00  -1.8000000e+01
    5   6.0000000e+00  -1.8000000e+01
    6   8.0000000e+00  -1.8000000e+01
    7   1.0000000e+01  -1.8000000e+01
    8   1.2000000e+01  -1.8000000e+01
    9   1.4000000e+01  -1.8000000e+01
   10   1.6000000e+01  -1.8000000e+01
   11   1.8000000e+01  -1.8000000e+01
   12   2.0000000e+01  -1.8000000e+01
   13   2.2000000e+01  -1.8000000e+01
   14   2.4000000e+01  -1.8000000e+01
   15   2.6000000e+01  -1.8000000e+01
   16   2.8000000e+01  -1.8000000e+01
   17   3.0000000e+01  -1.8000000e+01
   18   3.2000000e+01  -1.8000000e+01
   19   3.4000000e+01  -1.8000000e+01
   20   3.6000000e+01  -1.8000000e+01
   21   3.8000000e+01  -1.8000000e+01
   22   4.0000000e+01  -1.8000000e+01
   23   4.2000000e+01  -1.8000000e+01
   24   4.4000000e+01  -1.8000000e+01
   25   4.6000000e+01  -1.8000000e+01
   26   4.8000000e+01  -1.8000000e+01
   27   5.0000000e+01  -1.8000000e+01
   28   5.2000000e+01  -1.8000000e+01
   29   5.4000000e+01  -1.8000000e+01
   30   5.6000000e+01  -1.8000000e+01
   31   5.8000000e+01  -1.8000000e+01
   32   6.0000000e+01  -1.8000000e+01
   33   6.2000000e+01  -1.8000000e+01
   34   6.4000000e+01  -1.8000000e+01
   35   6.6000000e+01  -1.8000000e+01
   36   6.8000000e+01  -1.8000000e+01
   37   7.0000000e+01  -1.8000000e+01
   38   7.2000000e+01  -1.8000000e+01
   39   7.4000000e+01  -1.8000000e+01
   40   7.6000000e+01  -1.8000000e+01
   41   7.8000000e+01  -1.8000000e+01
   42   8.0000000e+01  -1.8000000e+01
   43   8.2000000e+01  -1.8000000e+01
   44   8.4000000e+01  -1.8000000e+01
   45   8.6000000e+01  -1.8000000e+01
   46   8.8000000e+01  -1.8000000e+01
   47   9.0000000e+01  -1.8000000e+01
   48   9.2000000e+01  -1.8000000e+01
   49   9.4000000e+01  -1.8000000e+01
   50   9.6000000e+01  -1.8000000e+01
   51   9.8000000e+01  -1.8000000e+01
   52   1.0000000e+02  -1.8000000e+01
   53   1.0200000e+02  -1.8000000e+01
   54   1.0400000e+02  -1.8000000e+01
   55   1.0600000e+02  -1.8000000e+01
   56  -2.0000000e+00  -1.6000000e+01
   57   0.0000000e+00  -1.6000000e+01
   58   2.0000000e+00  -1.6000000e+01
   59   4.0000000e+00  -1.6000000e+01
   60   6.0000000e+00  -1.6000000e+01
   61   8.0000000e+00  -1.6000000e+01
   62   1.0000000e+01  -1.6000000e+01
   63   1.2000000e+01  -1.6000000e+01
   64   1.4000000e+01  -1.6000000e+01
   65   1.6000000e+01  -1.6000000e+01
   66   1.8000000e+01  -1.6000000e+01
   67   2.0000000e+01  -1.6000000e+01
   68   2.2000000e+01  -1.6000000e+01
   69   2.4000000e+01  -1.6000000e+01
   70   2.6000000e+01  -1.6000000e+01
   71   2.8000000e+01  -1.6000000e+01
   72   3.0000000e+01  -1.6000000e+01
   73   3.2000000e+01  -1.6000000e+01
   74   3.4000000e+01  -1.6000000e+01
   75   3.6000000e+01  -1.6000000e+01
   76   3.8000000e+01  -1.6000000e+01
   77   4.0000000e+01  -1.6000000e+01
   78   4.2000000e+01  -1.6000000e+01
   79   4.4000000e+01  -1.6000000e+01
   80   4.6000000e+01  -1.6000000e+01
   81   4.8000000e+01  -1.6000000e+01
   82   5.0000000e+01  -1.6000000e+01
   83   5.2000000e+01  -1.6000000e+01
   84   5.4000000e+01  -1.6000000e+01
   85   5.6000000e+01  -1.6000000e+01
   86   5.8000000e+01  -1.6000000e+01
   87   6.0000000e+01  -1.6000000e+01
   88   6.2000000e+01  -1.6000000e+01
   89   6.4000000e+01  -1.6000000e+01
   90   6.6000000e+01  -1.6000000e+01
   91   6.8000000e+01  -1.6000000e+01
   92   7.0000000e+01  -1.6000000e+01
   93   7.2000000e+01  -1.6000000e+01
   94   7.4000000e+01  -1.6000000e+01
   95   7.6000000e+01  -1.6000000e+01
   96   7.8000000e+01  -1.6000000e+01
   97   8.0000000e+01  -1.6000000e+01
   98   8.2000000e+01  -1.6000000e+01
   99   8.4000000e+01  -1.6000000e+01
  100   8.6000000e+01  -1.6000000e+01
  101   8.8000000e+01  -1.6000000e+01
  102   9.0000000e+01  -1.6000000e+01
  103   9.2000000e+01  -1.6000000e+01
  104   9.4000000e+01  -1.6000000e+01
  105   9.6000000e+01  -1.6000000e+01
  106   9.8000000e+01  -1.6000000e+01
  107   1.0000000e+02  -1.6000000e+01
  108   1.0200000e+02  -1.6000000e+01
  109   1.0400000e+02  -1.6000000e+01
  110   1.0600000e+02  -1.6000000e+01
  111  -2.0000000e+00  -1.4000000e+01
  112   0.0000000e+00  -1.4000000e+01
  113   2.0000000e+00  -1.4000000e+01
  114   4.0000000e+00  -1.4000000e+01
  115   6.0000000e+00  -1.4000000e+01
  116   8.0000000e+00  -1.4000000e+01
  117   1.0000000e+01  -1.4000000e+01
  118   1.2000000e+01  -1.4000000e+01
  119   1.4000000e+01  -1.4000000e+01
  120   1.6000000e+01  -1.4000000e+01
  121   1.8000000e+01  -1.4000000e+01
  122   2.0000000e+01  -1.4000000e+01
  123   2.2000000e+01  -1.4000000e+01
  124   2.4000000e+01  -1.4000000e+01
  125   2.6000000e+01  -1.4000000e+01
  126   2.8000000e+01  -1.4000000e+01
  127   3.0000000e+01  -1.4000000e+01
  128   3.2000000e+01  -1.4000000e+01
  129   3.4000000e+01  -1.4000000e+01
  130   3.6000000e+01  -1.4000000e+01
  131   3.8000000e+01  -1.4000000e+01
  132   4.0000000e+01  -1.4000000e+01
  133   4.2000000e+01  -1.4000000e+01
  134   4.4000000e+01  -1.4000000e+01
  135   4.6000000e+01  -1.4000000e+01
  136   4.8000000e+01  -1.4000000e+01
  137   5.0000000e+01  -1.4000000e+01
  138   5.2000000e+01  -1.4000000e+01
  139   5.4000000e+01  -1.4000000e+01
  140   5.6000000e+01  -1.4000000e+01
  141   5.8000000e+01  -1.4000000e+01
  142   6.0000000e+01  -1.4000000e+01
  143   6.2000000e+01  -1.4000000e+01
  144   6.4000000e+01  -1.4000000e+01
  145   6.6000000e+01  -1.4000000e+01
  146   6.8000000e+01  -1.4000000e+01
  147   7.0000000e+01  -1.4000000e+01
  148   7.2000000e+01  -1.4000000e+01
  149   7.4000000e+01  -1.4000000e+01
  150   7.6000000e+01  -1.4000000e+01
  151   7.8000000e+01  -1.4000000e+01
  152   8.0000000e+01  -1.4000000e+01
  153   8.2000000e+01  -1.4000000e+01
  154   8.4000000e+01  -1.4000000e+01
  155   8.6000000e+01  -1.4000000e+01
  156   8.8000000e+01  -1.4000000e+01
  157   9.0000000e+01  -1.4000000e+01
  158   9.2000000e+01  -1.4000000e+01
  159   9.4000000e+01  -1.4000000e+01
  160   9.6000000e+01  -1.4000000e+01
  161   9.8000000e+01  -1.4000000e+01
  162   1.0000000e+02  -1.4000000e+01
  163   1.0200000e+02  -1.4000000e+01
  164   1.0400000e+02  -1.4000000e+01
  165   1.0600000e+02  -1.4000000e+01
  166  -2.0000000e+00  -1.2000000e+01
  167   0.0000000e+00  -1.2000000e+01
  168   2.0000000e+00  -1.2000000e+01
  169   4.0000000e+00  -1.2000000e+01
  170   6.0000000e+00  -1.2000000e+01
  171   8.0000000e+00  -1.2000000e+01
  172   1.0000000e+01  -1.2000000e+01
  173   1.2000000e+01  -1.2000000e+01
  174   1.4000000e+01  -1.2000000e+01
  175   1.6000000e+01  -1.2000000e+01
  176   1.8000000e+01  -1.2000000e+01
  177   2.0000000e+01  -1.2000000e+01
  178   2.2000000e+01  -1.2000000e+01
  179   2.4000000e+01  -1.2000000e+01
  180   2.6000000e+01  -1.2000000e+01
  181   2.8000000e+01  -1.2000000e+01
  182   3.0000000e+01  -1.2000000e+01
  183   3.2000000e+01  -1.2000000e+01
  184   3.4000000e+01  -1.2000000e+01
  185   3.6000000e+01  -1.2000000e+01
  186   3.8000000e+01  -1.2000000e+01
  187   4.0000000e+01  -1.2000000e+01
  188   4.2000000e+01  -1.2000000e+01
  189   4.4000000e+01  -1.2000000e+01
  190   4.6000000e+01  -1.2000000e+01
  191   4.8000000e+01  -1.2000000e+01
  192   5.0000000e+01  -1.2000000e+01
  193   5.2000000e+01  -1.2000000e+01
  194   5.4000000e+01  -1.2000000e+01
  195   5.6000000e+01  -1.2000000e+01
  196   5.8000000e+01  -1.2000000e+01
  197   6.0000000e+01  -1.2000000e+01
  198   6.2000000e+01  -1.2000000e+01
  199   6.4000000e+01  -1.2000000e+01
  200   6.6000000e+01  -1.2000000e+01
  201   6.8000000e+01  -1.2000000e+01
  202   7.0000000e+01  -1.2000000e+01
  203   7.2000000e+01  -1.2000000e+01
  204   7.4000000e+01  -1.2000000e+01
  205   7.6000000e+01  -1.2000000e+01
  206   7.8000000e+01  -1.2000000e+01
  207   8.0000000e+01  -1.2000000e+01
  208   8.2000000e+01  -1.2000000e+01
  209   8.4000000e+01  -1.2000000e+01
  210   8.6000000e+01  -1.2000000e+01
  211   8.8000000e+01  -1.2000000e+01
  212   9.0000000e+01  -1.2000000e+01
  213   9.2000000e+01  -1.2000000e+01
  214   9.4000000e+01  -1.2000000e+01
  215   9.6000000e+01  -1.2000000e+01
  216   9.8000000e+01  -1.2000000e+01
  217   1.0000000e+02  -1.2000000e+01
  218   1.0200000e+02  -1.2000000e+01
  219   1.0400000e+02  -1.2000000e+01
  220   1.0600000e+02  -1.2000000e+01
  221  -2.0000000e+00  -1.0000000e+01
  222   0.0000000e+00  -1.0000000e+01
  223   2.0000000e+00  -1.0000000e+01
  224   4.0000000e+00  -1.0000000e+01
  225   6.0000000e+00  -1.0000000e+01
  226   8.0000000e+00  -1.0000000e+01
  227   1.0000000e+01  -1.0000000e+01
  228   1.2000000e+01  -1.0000000e+01
  229   1.4000000e+01  -1.0000000e+01
  230   1.6000000e+01  -1.0000000e+01
  231   1.8000000e+01  -1.0000000e+01
  232   2.0000000e+01  -1.0000000e+01
  233   2.2000000e+01  -1.0000000e+01
  234   2.4000000e+01  -1.0000000e+01
  235   2.6000000e+01  -1.0000000e+01
  236   2.8000000e+01  -1.0000000e+01
  237   3.0000000e+01  -1.0000000e+01
  238   3.2000000e+01  -1.0000000e+01
  239   3.4000000e+01  -1.0000000e+01
  240   3.6000000e+01  -1.0000000e+01
  241   3.8000000e+01  -1.0000000e+01
  242   4.0000000e+01  -1.0000000e+01
  243   4.2000000e+01  -1.0000000e+01
  244   4.4000000e+01  -1.0000000e+01
  245   4.6000000e+01  -1.0000000e+01
  246   4.8000000e+01  -1.0000000e+01
  247   5.0000000e+01  -1.0000000e+01
  248   5.2000000e+01  -1.0000000e+01
  249   5.4000000e+01  -1.0000000e+01
  250   5.6000000e+01  -1.0000000e+01
  251   5.8000000e+01  -1.0000000e+01
  252   6.0000000e+01  -1.0000000e+01
  253   6.2000000e+01  -1.0000000e+01
  254   6.4000000e+01  -1.0000000e+01
  255   6.6000000e+01  -1.0000000e+01
  256   6.8000000e+01  -1.0000000e+01
  257   7.0000000e+01  -1.0000000e+01
  258   7.2000000e+01  -1.0000000e+01
  259   7.4000000e+01  -1.0000000e+01
  260   7.6000000e+01  -1.0000000e+01
  261   7.8000000e+01  -1.0000000e+01
  262   8.0000000e+01  -1.0000000e+01
  263   8.2000000e+01  -1.0000000e+01
  264   8.4000000e+01  -1.0000000e+01
  265   8.6000000e+01  -1.0000000e+01
  266   8.8000000e+01  -1.0000000e+01
  267   9.0000000e+01  -1.0000000e+01
  268   9.2000000e+01  -1.0000000e+01
  269   9.4000000e+01  -1.0000000e+01
  270   9.6000000e+01  -1.0000000e+01
  271   9.8000000e+01  -1.0000000e+01
  272   1.0000000e+02  -1.0000000e+01
  273   1.0200000e+02  -1.0000000e+01
  274   1.0400000e+02  -1.0000000e+01
  275   1.0600000e+02  -1.0000000e+01
  276  -2.0000000e+00  -8.0000000e+00
  277   0.0000000e+00  -8.0000000e+00
  278   2.0000000e+00  -8.0000000e+00
  279   4.0000000e+00  -8.0000000e+00
  280   6.0000000e+00  -8.0000000e+00
  281   8.0000000e+00  -8.0000000e+00
  282   1.0000000e+01  -8.0000000e+00
  283   1.2000000e+01  -8.0000000e+00
  284   1.4000000e+01  -8.0000000e+00
  285   1.6000000e+01  -8.0000000e+00
  286   1.8000000e+01  -8.0000000e+00
  287   2.0000000e+01  -8.0000000e+00
  288   2.2000000e+01  -8.0000000e+00
  289   2.4000000e+01  -8.0000000e+00
  290   2.6000000e+01  -8.0000000e+00
  291   2.8000000e+01  -8.0000000e+00
  292   3.0000000e+01  -8.0000000e+00
  293   3.2000000e+01  -8.0000000e+00
  294   3.4000000e+01  -8.0000000e+00
  295   3.6000000e+01  -8.0000000e+00
  296   3.8000000e+01  -8.0000000e+00
  297   4.0000000e+01  -8.0000000e+00
  298   4.2000000e+01  -8.0000000e+00
  299   4.4000000e+01  -8.0000000e+00
  300   4.6000000e+01  -8.0000000e+00
  301   4.8000000e+01  -8.0000000e+00
  302   5.0000000e+01  -8.0000000e+00
  303   5.2000000e+01  -8.0000000e+00
  304   5.4000000e+01  -8.0000000e+00
  305   5.6000000e+01  -8.0000000e+00
  306   5.8000000e+01  -8.0000000e+00
  307   6.0000000e+01  -8.0000000e+00
  308   6.2000000e+01  -8.0000000e+00
  309   6.4000000e+01  -8.0000000e+00
  310   6.6000000e+01  -8.0000000e+00
  311   6.8000000e+01  -8.0000000e+00
  312   7.0000000e+01  -8.0000000e+00
  313   7.2000000e+01  -8.0000000e+00
  314   7.4000000e+01  -8.0000000e+00
  315   7.6000000e+01  -8.0000000e+00
  316   7.8000000e+01  -8.0000000e+00
  317   8.0000000e+01  -8.0000000e+00
  318   8.2000000e+01  -8.0000000e+00
  319   8.4000000e+01  -8.0000000e+00
  320   8.6000000e+01  -8.0000000e+00
  321   8.8000000e+01  -8.0000000e+00
  322   9.0000000e+01  -8.0000000e+00
  323   9.2000000e+01  -8.0000000e+00
  324   9.4000000e+01  -8.0000000e+00
  325   9.6000000e+01  -8.0000000e+00
  326   9.8000000e+01  -8.0000000e+00
  327   1.0000000e+02  -8.0000000e+00
  328   1.0200000e+02  -8.0000000e+00
  329   1.0400000e+02  -8.0000000e+00
  330   1.0600000e+02  -8.0000000e+00
  331  -2.0000000e+00  -6.0000000e+00
  332   0.0000000e+00  -6.0000000e+00
  333   2.0000000e+00  -6.0000000e+00
  334   4.0000000e+00  -6.0000000e+00
  335   6.0000000e+00  -6.0000000e+00
  336   8.0000000e+00  -6.0000000e+00
  337   1.0000000e+01  -6.0000000e+00
  338   1.2000000e+01  -6.0000000e+00
  339   1.4000000e+01  -6.0000000e+00
  340   1.6000000e+01  -6.0000000e+00
  341   1.8000000e+01  -6.0000000e+00
  342   2.0000000e+01  -6.0000000e+00
  343   2.2000000e+01  -6.0000000e+00
  344   2.4000000e+01  -6.0000000e+00
  345   2.6000000e+01  -6.0000000e+00
  346   2.8000000e+01  -6.0000000e+00
  347   3.0000000e+01  -6.0000000e+00
  348   3.2000000e+01  -6.0000000e+00
  349   3.4000000e+01  -6.0000000e+00
  350   3.6000000e+01  -6.0000000e+00
  351   3.8000000e+01  -6.0000000e+00
  352   4.0000000e+01  -6.0000000e+00
  353   4.2000000e+01  -6.0000000e+00
  354   4.4000000e+01  -6.0000000e+00
  355   4.6000000e+01  -6.0000000e+00
  356   4.8000000e+01  -6.0000000e+00
  357   5.0000000e+01  -6.0000000e+00
  358   5.2000000e+01  -6.0000000e+00
  359   5.4000000e+01  -6.0000000e+00
  360   5.6000000e+01  -6.0000000e+00
  361   5.8000000e+01  -6.0000000e+00
  362   6.0000000e+01  -6.0000000e+00
  363   6.2000000e+01  -6.0000000e+00
  364   6.4000000e+01  -6.0000000e+00
  365   6.6000000e+01  -6.0000000e+00
  366   6.8000000e+01  -6.0000000e+00
  367   7.0000000e+01  -6.0000000e+00
  368   7.2000000e+01  -6.0000000e+00
  369   7.4000000e+01  -6.0000000e+00
  370   7.6000000e+01  -6.0000000e+00
  371   7.8000000e+01  -6.0000000e+00
  372   8.0000000e+01  -6.0000000e+00
  373   8.2000000e+01  -6.0000000e+00
  374   8.4000000e+01  -6.0000000e+00
  375   8.6000000e+01  -6.0000000e+00
  376   8.8000000e+01  -6.0000000e+00
  377   9.0000000e+01  -6.0000000e+00
  378   9.2000000e+01  -6.0000000e+00
  379   9.4000000e+01  -6.0000000e+00
  380   9.6000000e+01  -6.0000000e+00
  381   9.8000000e+01  -6.0000000e+00
  382   1.0000000e+02  -6.0000000e+00
  383   1.0200000e+02  -6.0000000e+00
  384   1.0400000e+02  -6.0000000e+00
  385   1.0600000e+02  -6.0000000e+00
  386  -2.0000000e+00  -4.0000000e+00
  387   0.0000000e+00  -4.0000000e+00
  388   2.0000000e+00  -4.0000000e+00
  389   4.0000000e+00  -4.0000000e+00
  390   6.0000000e+00  -4.0000000e+00
  391   8.0000000e+00  -4.0000000e+00
  392   1.0000000e+01  -4.0000000e+00
  393   1.2000000e+01  -4.0000000e+00
  394   1.4000000e+01  -4.0000000e+00
  395   1.6000000e+01  -4.0000000e+00
  396   1.8000000e+01  -4.0000000e+00
  397   2.0000000e+01  -4.0000000e+00
  398   2.2000000e+01  -4.0000000e+00
  399   2.4000000e+01  -4.0000000e+00
  400   2.6000000e+01  -4.0000000e+00
  401   2.8000000e+01  -4.0000000e+00
  402   3.0000000e+01  -4.0000000e+00
  403   3.2000000e+01  -4.0000000e+00
  404   3.4000000e+01  -4.0000000e+00
  405   3.6000000e+01  -4.0000000e+00
  406   3.8000000e+01  -4.0000000e+00
  407   4.0000000e+01  -4.0000000e+00
  408   4.2000000e+01  -4.0000000e+00
  409   4.4000000e+01  -4.0000000e+00
  410   4.6000000e+01  -4.0000000e+00
  411   4.8000000e+01  -4.0000000e+00
  412   5.0000000e+01  -4.0000000e+00
  413   5.2000000e+01  -4.0000000e+00
  414   5.4000000e+01  -4.0000000e+00
  415   5.6000000e+01  -4.0000000e+00
  416   5.8000000e+01  -4.0000000e+00
  417   6.0000000e+01  -4.0000000e+00
  418   6.2000000e+01  -4.0000000e+00
  419   6.4000000e+01  -4.0000000e+00
  420   6.6000000e+01  -4.0000000e+00
  421   6.8000000e+01  -4.0000000e+00
  422   7.0000000e+01  -4.0000000e+00
  423   7.2000000e+01  -4.0000000e+00
  424   7.4000000e+01  -4.0000000e+00
  425   7.6000000e+01  -4.0000000e+00
  426   7.8000000e+01  -4.0000000e+00
  427   8.0000000e+01  -4.0000000e+00
  428   8.2000000e+01  -4.0000000e+00
  429   8.4000000e+01  -4.0000000e+00
  430   8.6000000e+01  -4.0000000e+00
  431   8.8000000e+01  -4.0000000e+00
  432   9.0000000e+01  -4.0000000e+00
  433   9.2000000e+01  -4.0000000e+00
  434   9.4000000e+01  -4.0000000e+00
  435   9.6000000e+01  -4.0000000e+00
  436   9.8000000e+01  -4.0000000e+00
  437   1.0000000e+02  -4.0000000e+00
  438   1.0200000e+02  -4.0000000e+00
  439   1.0400000e+02  -4.0000000e+00
  440   1.0600000e+02  -4.0000000e+00
  441  -2.0000000e+00  -2.0000000e+00
  442   0.0000000e+00  -2.0000000e+00
  443   2.0000000e+00  -2.0000000e+00
  444   4.0000000e+00  -2.0000000e+00
  445   6.0000000e+00  -2.0000000e+00
  446   8.0000000e+00  -2.0000000e+00
  447   1.0000000e+01  -2.0000000e+00
  448   1.2000000e+01  -2.0000000e+00
  449   1.4000000e+01  -2.0000000e+00
  450   1.6000000e+01  -2.0000000e+00
  451   1.8000000e+01  -2.0000000e+00
  452   2.0000000e+01  -2.0000000e+00
  453   2.2000000e+01  -2.0000000e+00
  454   2.4000000e+01  -2.0000000e+00
  455   2.6000000e+01  -2.0000000e+00
  456   2.8000000e+01  -2.0000000e+00
  457   3.0000000e+01  -2.0000000e+00
  458   3.2000000e+01  -2.0000000e+00
  459   3.4000000e+01  -2.0000000e+00
  460   3.6000000e+01  -2.0000000e+00
  461   3.8000000e+01  -2.0000000e+00
  462   4.0000000e+01  -2.0000000e+00
  463   4.2000000e+01  -2.0000000e+00
  464   4.4000000e+01  -2.0000000e+00
  465   4.6000000e+01  -2.0000000e+00
  466   4.8000000e+01  -2.0000000e+00
  467   5.0000000e+01  -2.0000000e+00
  468   5.2000000e+01  -2.0000000e+00
  469   5.4000000e+01  -2.0000000e+00
  470   5.6000000e+01  -2.0000000e+00
  471   5.8000000e+01  -2.0000000e+00
  472   6.0000000e+01  -2.0000000e+00
  473   6.2000000e+01  -2.0000000e+00
  474   6.4000000e+01  -2.0000000e+00
  475   6.6000000e+01  -2.0000000e+00
  476   6.8000000e+01  -2.0000000e+00
  477   7.0000000e+01  -2.0000000e+00
  478   7.2000000e+01  -2.0000000e+00
  479   7.4000000e+01  -2.0000000e+00
  480   7.6000000e+01  -2.0000000e+00
  481   7.8000000e+01  -2.0000000e+00
  482   8.0000000e+01  -2.0000000e+00
  483   8.2000000e+01  -2.0000000e+00
  484   8.4000000e+01  -2.0000000e+00
  485   8.6000000e+01  -2.0000000e+00
  486   8.8000000e+01  -2.0000000e+00
  487   9.0000000e+01  -2.0000000e+00
  488   9.2000000e+01  -2.0000000e+00
  489   9.4000000e+01  -2.0000000e+00
  490   9.6000000e+01  -2.0000000e+00
  491   9.8000000e+01  -2.0000000e+00
  492   1.0000000e+02  -2.0000000e+00
  493   1.0200000e+02  -2.0000000e+00
  494   1.0400000e+02  -2.0000000e+00
  495   1.0600000e+02  -2.0000000e+00
  496  -2.0000000e+00   0.0000000e+00
  497   0.0000000e+00   0.0000000e+00
  498   2.0000000e+00   0.0000000e+00
  499   4.0000000e+00   0.0000000e+00
  500   6.0000000e+00   0.0000000e+00
  501   8.0000000e+00   0.0000000e+00
  502   1.0000000e+01   0.0000000e+00
  503   1.2000000e+01   0.0000000e+00
  504   1.4000000e+01   0.0000000e+00
  505   1.6000000e+01   0.0000000e+00
  506   1.8000000e+01   0.0000000e+00
  507   2.0000000e+01   0.0000000e+00
  508   2.2000000e+01   0.0000000e+00
  509   2.4000000e+01   0.0000000e+00
  510   2.6000000e+01   0.0000000e+00
  511   2.8000000e+01   0.0000000e+00
  512   3.0000000e+01   0.0000000e+00
  513   3.2000000e+01   0.0000000e+00
  514   3.4000000e+01   0.0000000e+00
  515   3.6000000e+01   0.0000000e+00
  516   3.8000000e+01   0.0000000e+00
  517   4.0000000e+01   0.0000000e+00
  518   4.2000000e+01   0.0000000e+00
  519   4.4000000e+01   0.0000000e+00
  520   4.6000000e+01   0.0000000e+00
  521   4.8000000e+01   0.0000000e+00
  522   5.0000000e+01   0.0000000e+00
  523   5.2000000e+01   0.0000000e+00
  524   5.4000000e+01   0.0000000e+00
  525   5.6000000e+01   0.0000000e+00
  526   5.8000000e+01   0.0000000e+00
  527   6.0000000e+01   0.0000000e+00
  528   6.2000000e+01   0.0000000e+00
  529   6.4000000e+01   0.0000000e+00
  530   6.6000000e+01   0.0000000e+00
  531   6.8000000e+01   0.0000000e+00
  532   7.0000000e+01   0.0000000e+00
  533   7.2000000e+01   0.0000000e+00
  534   7.4000000e+01   0.0000000e+00
  535   7.6000000e+01   0.0000000e+00
  536   7.8000000e+01   0.0000000e+00
  537   8.0000000e+01   0.0000000e+00
  538   8.2000000e+01   0.0000000e+00
  539   8.4000000e+01   0.0000000e+00
  540   8.6000000e+01   0.0000000e+00
  541   8.8000000e+01   0.0000000e+00
  542   9.0000000e+01   0.0000000e+00
  543   9.2000000e+01   0.0000000e+00
  544   9.4000000e+01   0.0000000e+00
  545   9.6000000e+01   0.0000000e+00
  546   9.8000000e+01   0.0000000e+00
  547   1.0000000e+02   0.0000000e+00
  548   1.0200000e+02   0.0000000e+00
  549   1.0400000e+02   0.0000000e+00
  550   1.0600000e+02   0.0000000e+00
  551  -2.0000000e+00   2.0000000e+00
  552   0.0000000e+00   2.0000000e+00
  553   2.0000000e+00   2.0000000e+00
  554   4.0000000e+00   2.0000000e+00
  555   6.0000000e+00   2.0000000e+00
  556   8.0000000e+00   2.0000000e+00
  557   1.0000000e+01   2.0000000e+00
  558   1.2000000e+01   2.0000000e+00
  559   1.4000000e+01   2.0000000e+00
  560   1.6000000e+01   2.0000000e+00
  561   1.8000000e+01   2.0000000e+00
  562   2.0000000e+01   2.0000000e+00
  563   2.2000000e+01   2.0000000e+00
  564   2.4000000e+01   2.0000000e+00
  565   2.6000000e+01   2.0000000e+00
  566   2.8000000e+01   2.0000000e+00
  567   3.0000000e+01   2.0000000e+00
  568   3.2000000e+01   2.0000000e+00
  569   3.4000000e+01   2.0000000e+00
  570   3.6000000e+01   2.0000000e+00
  571   3.8000000e+01   2.0000000e+00
  572   4.0000000e+01   2.0000000e+00
  573   4.2000000e+01   2.0000000e+00
  574   4.4000000e+01   2.0000000e+00
  575   4.6000000e+01   2.0000000e+00
  576   4.8000000e+01   2.0000000e+00
  577   5.0000000e+01   2.0000000e+00
  578   5.2000000e+01   2.0000000e+00
  579   5.4000000e+01   2.0000000e+00
  580   5.6000000e+01   2.0000000e+00
  581   5.8000000e+01   2.0000000e+00
  582   6.0000000e+01   2.0000000e+00
  583   6.2000000e+01   2.0000000e+00
  584   6.4000000e+01   2.0000000e+00
  585   6.6000000e+01   2.0000000e+00
  586   6.8000000e+01   2.0000000e+00
  587   7.0000000e+01   2.0000000e+00
  588   7.2000000e+01   2.0000000e+00
  589   7.4000000e+01   2.0000000e+00
  590   7.6000000e+01   2.0000000e+00
  591   7.8000000e+01   2.0000000e+00
  592   8.0000000e+01   2.0000000e+00
  593   8.2000000e+01   2.0000000e+00
  594   8.4000000e+01   2.0000000e+00
  595   8.6000000e+01   2.0000000e+00
  596   8.8000000e+01   2.0000000e+00
  597   9.0000000e+01   2.0000000e+00
  598   9.2000000e+01   2.0000000e+00
  599   9.4000000e+01   2.0000000e+00
  600   9.6000000e+01   2.0000000e+00
  601   9.8000000e+01   2.0000000e+00
  602   1.0000000e+02   2.0000000e+00
  603   1.0200000e+02   2.0000000e+00
  604   1.0400000e+02   2.0000000e+00
  605   1.0600000e+02   2.0000000e+00
  606  -2.0000000e+00   4.0000000e+00
  607   0.0000000e+00   4.0000000e+00
  608   2.0000000e+00   4.0000000e+00
  609   4.0000000e+00   4.0000000e+00
  610   6.0000000e+00   4.0000000e+00
  611   8.0000000e+00   4.0000000e+00
  612   1.0000000e+01   4.0000000e+00
  613   1.2000000e+01   4.0000000e+00
  614   1.4000000e+01   4.0000000e+00
  615   1.6000000e+01   4.0000000e+00
  616   1.8000000e+01   4.0000000e+00
  617   2.0000000e+01   4.0000000e+00
  618   2.2000000e+01   4.0000000e+00
  619   2.4000000e+01   4.0000000e+00
  620   2.6000000e+01   4.0000000e+00
  621   2.8000000e+01   4.0000000e+00
  622   3.0000000e+01   4.0000000e+00
  623   3.2000000e+01   4.0000000e+00
  624   3.4000000e+01   4.0000000e+00
  625   3.6000000e+01   4.0000000e+00
  626   3.8000000e+01   4.0000000e+00
  627   4.0000000e+01   4.0000000e+00
  628   4.2000000e+01   4.0000000e+00
  629   4.4000000e+01   4.0000000e+00
  630   4.6000000e+01   4.0000000e+00
  631   4.8000000e+01   4.0000000e+00
  632   5.0000000e+01   4.0000000e+00
  633   5.2000000e+01   4.0000000e+00
  634   5.4000000e+01   4.0000000e+00
  635   5.6000000e+01   4.0000000e+00
  636   5.8000000e+01   4.0000000e+00
  637   6.0000000e+01   4.0000000e+00
  638   6.2000000e+01   4.0000000e+00
  639   6.4000000e+01   4.0000000e+00
  640   6.6000000e+01   4.0000000e+00
  641   6.8000000e+01   4.0000000e+00
  642   7.0000000e+01   4.0000000e+00
  643   7.2000000e+01   4.0000000e+00
  644   7.4000000e+01   4.0000000e+00
  645   7.6000000e+01   4.0000000e+00
  646   7.8000000e+01   4.0000000e+00
  647   8.0000000e+01   4.0000000e+00
  648   8.2000000e+01   4.0000000e+00
  649   8.4000000e+01   4.0000000e+00
  650   8.6000000e+01   4.0000000e+00
  651   8.8000000e+01   4.0000000e+00
  652   9.0000000e+01   4.0000000e+00
  653   9.2000000e+01   4.0000000e+00
  654   9.4000000e+01   4.0000000e+00
  655   9.6000000e+01   4.0000000e+00
  656   9.8000000e+01   4.0000000e+00
  657   1.0000000e+02   4.0000000e+00
  658   1.0200000e+02   4.0000000e+00
  659   1.0400000e+02   4.0000000e+00
  660   1.0600000e+02   4.0000000e+00
  661  -2.0000000e+00   6.0000000e+00
  662   0.0000000e+00   6.0000000e+00
  663   2.0000000e+00   6.0000000e+00
  664   4.0000000e+00   6.0000000e+00
  665   6.0000000e+00   6.0000000e+00
  666   8.0000000e+00   6.0000000e+00
  667   1.0000000e+01   6.0000000e+00
  668   1.2000000e+01   6.0000000e+00
  669   1.4000000e+01   6.0000000e+00
  670   1.6000000e+01   6.0000000e+00
  671   1.8000000e+01   6.0000000e+00
  672   2.0000000e+01   6.0000000e+00
  673   2.2000000e+01   6.0000000e+00
  674   2.4000000e+01   6.0000000e+00
  675   2.6000000e+01   6.0000000e+00
  676   2.8000000e+01   6.0000000e+00
  677   3.0000000e+01   6.0000000e+00
  678   3.2000000e+01   6.0000000e+00
  679   3.4000000e+01   6.0000000e+00
  680   3.6000000e+01   6.0000000e+00
  681   3.8000000e+01   6.0000000e+00
  682   4.0000000e+01   6.0000000e+00
  683   4.2000000e+01   6.0000000e+00
  684   4.4000000e+01   6.0000000e+00
  685   4.6000000e+01   6.0000000e+00
  686   4.8000000e+01   6.0000000e+00
  687   5.0000000e+01   6.0000000e+00
  688   5.2000000e+01   6.0000000e+00
  689   5.4000000e+01   6.0000000e+00
  690   5.6000000e+01   6.0000000e+00
  691   5.8000000e+01   6.0000000e+00
  692   6.0000000e+01   6.0000000e+00
  693   6.2000000e+01   6.0000000e+00
  694   6.4000000e+01   6.0000000e+00
  695   6.6000000e+01   6.0000000e+00
  696   6.8000000e+01   6.0000000e+00
  697   7.0000000e+01   6.0000000e+00
  698   7.2000000e+01   6.0000000e+00
  699   7.4000000e+01   6.0000000e+00
  700   7.6000000e+01   6.0000000e+00
  701   7.8000000e+01   6.0000000e+00
  702   8.0000000e+01   6.0000000e+00
  703   8.2000000e+01   6.0000000e+00
  704   8.4000000e+01   6.0000000e+00
  705   8.6000000e+01   6.0000000e+00
  706   8.8000000e+01   6.0000000e+00
  707   9.0000000e+01   6.0000000e+00
  708   9.2000000e+01   6.0000000e+00
  709   9.4000000e+01   6.0000000e+00
  710   9.6000000e+01   6.0000000e+00
  711   9.8000000e+01   6.0000000e+00
  712   1.0000000e+02   6.0000000e+00
  713   1.0200000e+02   6.0000000e+00
  714   1.0400000e+02   6.0000000e+00
  715   1.0600000e+02   6.0000000e+00
  716  -2.0000000e+00   8.0000000e+00
  717   0.0000000e+00   8.0000000e+00
  718   2.0000000e+00   8.0000000e+00
  719   4.0000000e+00   8.0000000e+00
  720   6.0000000e+00   8.0000000e+00
  721   8.0000000e+00   8.0000000e+00
  722   1.0000000e+01   8.0000000e+00
  723   1.2000000e+01   8.0000000e+00
  724   1.4000000e+01   8.0000000e+00
  725   1.6000000e+01   8.0000000e+00
  726   1.8000000e+01   8.0000000e+00
  727   2.0000000e+01   8.0000000e+00
  728   2.2000000e+01   8.0000000e+00
  729   2.4000000e+01   8.0000000e+00
  730   2.6000000e+01   8.0000000e+00
  731   2.8000000e+01   8.0000000e+00
  732   3.0000000e+01   8.0000000e+00
  733   3.2000000e+01   8.0000000e+00
  734   3.4000000e+01   8.0000000e+00
  735   3.6000000e+01   8.0000000e+00
  736   3.8000000e+01   8.0000000e+00
  737   4.0000000e+01   8.0000000e+00
  738   4.2000000e+01   8.0000000e+00
  739   4.4000000e+01   8.0000000e+00
  740   4.6000000e+01   8.0000000e+00
  741   4.8000000e+01   8.0000000e+00
  742   5.0000000e+01   8.0000000e+00
  743   5.2000000e+01   8.0000000e+00
  744   5.4000000e+01   8.0000000e+00
  745   5.6000000e+01   8.0000000e+00
  746   5.8000000e+01   8.0000000e+00
  747   6.0000000e+01   8.0000000e+00
  748   6.2000000e+01   8.0000000e+00
  749   6.4000000e+01   8.0000000e+00
  750   6.6000000e+01   8.0000000e+00
  751   6.8000000e+01   8.0000000e+00
  752   7.0000000e+01   8.0000000e+00
  753   7.2000000e+01   8.0000000e+00
  754   7.4000000e+01   8.0000000e+00
  755   7.6000000e+01   8.0000000e+00
  756   7.8000000e+01   8.0000000e+00
  757   8.0000000e+01   8.0000000e+00
  758   8.2000000e+01   8.0000000e+00
  759   8.4000000e+01   8.0000000e+00
  760   8.6000000e+01   8.0000000e+00
  761   8.8000000e+01   8.0000000e+00
  762   9.0000000e+01   8.0000000e+00
  763   9.2000000e+01   8.0000000e+00
  764   9.4000000e+01   8.0000000e+00
  765   9.6000000e+01   8.0000000e+00
  766   9.8000000e+01   8.0000000e+00
  767   1.0000000e+02   8.0000000e+00
  768   1.0200000e+02   8.0000000e+00
  769   1.0400000e+02   8.0000000e+00
  770   1.0600000e+02   8.0000000e+00
  771  -2.0000000e+00   1.0000000e+01
  772   0.0000000e+00   1.0000000e+01
  773   2.0000000e+00   1.0000000e+01
  774   4.0000000e+00   1.0000000e+01
  775   6.0000000e+00   1.0000000e+01
  776   8.0000000e+00   1.0000000e+01
  777   1.0000000e+01   1.0000000e+01
  778   1.2000000e+01   1.0000000e+01
  779   1.4000000e+01   1.0000000e+01
  780   1.6000000e+01   1.0000000e+01
  781   1.8000000e+01   1.0000000e+01
  782   2.0000000e+01   1.0000000e+01
  783   2.2000000e+01   1.0000000e+01
  784   2.4000000e+01   1.0000000e+01
  785   2.6000000e+01   1.0000000e+01
  786   2.8000000e+01   1.0000000e+01
  787   3.0000000e+01   1.0000000e+01
  788   3.2000000e+01   1.0000000e+01
  789   3.4000000e+01   1.0000000e+01
  790   3.6000000e+01   1.0000000e+01
  791   3.8000000e+01   1.0000000e+01
  792   4.0000000e+01   1.0000000e+01
  793   4.2000000e+01   1.0000000e+01
  794   4.4000000e+01   1.0000000e+01
  795   4.6000000e+01   1.0000000e+01
  796   4.8000000e+01   1.0000000e+01
  797   5.0000000e+01   1.0000000e+01
  798   5.2000000e+01   1.0000000e+01
  799   5.4000000e+01   1.0000000e+01
  800   5.6000000e+01   1.0000000e+01
  801   5.8000000e+01   1.0000000e+01
  802   6.0000000e+01   1.0000000e+01
  803   6.2000000e+01   1.0000000e+01
  804   6.4000000e+01   1.0000000e+01
  805   6.6000000e+01   1.0000000e+01
  806   6.8000000e+01   1.0000000e+01
  807   7.0000000e+01   1.0000000e+01
  808   7.2000000e+01   1.0000000e+01
  809   7.4000000e+01   1.0000000e+01
  810   7.6000000e+01   1.0000000e+01
  811   7.8000000e+01   1.0000000e+01
  812   8.0000000e+01   1.0000000e+01
  813   8.2000000e+01   1.0000000e+01
  814   8.4000000e+01   1.0000000e+01
  815   8.6000000e+01   1.0000000e+01
  816   8.8000000e+01   1.0000000e+01
  817   9.0000000e+01   1.0000000e+01
  818   9.2000000e+01   1.0000000e+01
  819   9.4000000e+01   1.0000000e+01
  820   9.6000000e+01   1.0000000e+01
  821   9.8000000e+01   1.0000000e+01
  822   1.0000000e+02   1.0000000e+01
  823   1.0200000e+02   1.0000000e+01
  824   1.0400000e+02   1.0000000e+01
  825   1.0600000e+02   1.0000000e+01
  826  -2.0000000e+00   1.2000000e+01
  827   0.0000000e+00   1.2000000e+01
  828   2.0000000e+00   1.2000000e+01
  829   4.0000000e+00   1.2000000e+01
  830   6.0000000e+00   1.2000000e+01
  831   8.0000000e+00   1.2000000e+01
  832   1.0000000e+01   1.2000000e+01
  833   1.2000000e+01   1.2000000e+01
  834   1.4000000e+01   1.2000000e+01
  835   1.6000000e+01   1.2000000e+01
  836   1.8000000e+01   1.2000000e+01
  837   2.0000000e+01   1.2000000e+01
  838   2.2000000e+01   1.2000000e+01
  839   2.4000000e+01   1.2000000e+01
  840   2.6000000e+01   1.2000000e+01
  841   2.8000000e+01   1.2000000e+01
  842   3.0000000e+01   1.2000000e+01
  843   3.2000000e+01   1.2000000e+01
  844   3.4000000e+01   1.2000000e+01
  845   3.6000000e+01   1.2000000e+01
  846   3.8000000e+01   1.2000000e+01
  847   4.0000000e+01   1.2000000e+01
  848   4.2000000e+01   1.2000000e+01
  849   4.4000000e+01   1.2000000e+01
  850   4.6000000e+01   1.2000000e+01
  851   4.8000000e+01   1.2000000e+01
  852   5.0000000e+01   1.2000000e+01
  853   5.2000000e+01   1.2000000e+01
  854   5.4000000e+01   1.2000000e+01
  855   5.6000000e+01   1.2000000e+01
  856   5.8000000e+01   1.2000000e+01
  857   6.0000000e+01   1.2000000e+01
  858   6.2000000e+01   1.2000000e+01
  859   6.4000000e+01   1.2000000e+01
  860   6.6000000e+01   1.2000000e+01
  861   6.8000000e+01   1.2000000e+01
  862   7.0000000e+01   1.2000000e+01
  863   7.2000000e+01   1.2000000e+01
  864   7.4000000e+01   1.2000000e+01
  865   7.6000000e+01   1.2000000e+01
  866   7.8000000e+01   1.2000000e+01
  867   8.0000000e+01   1.2000000e+01
  868   8.2000000e+01   1.2000000e+01
  869   8.4000000e+01   1.2000000e+01
  870   8.6000000e+01   1.2000000e+01
  871   8.8000000e+01   1.2000000e+01
  872   9.0000000e+01   1.2000000e+01
  873   9.2000000e+01   1.2000000e+01
  874   9.4000000e+01   1.2000000e+01
  875   9.6000000e+01   1.2000000e+01
  876   9.8000000e+01   1.2000000e+01
  877   1.0000000e+02   1.2000000e+01
  878   1.0200000e+02   1.2000000e+01
  879   1.0400000e+02   1.2000000e+01
  880   1.0600000e+02   1.2000000e+01
  881  -2.0000000e+00   1.4000000e+01
  882   0.0000000e+00   1.4000000e+01
  883   2.0000000e+00   1.4000000e+01
  884   4.0000000e+00   1.4000000e+01
  885   6.0000000e+00   1.4000000e+01
  886   8.0000000e+00   1.4000000e+01
  887   1.0000000e+01   1.4000000e+01
  888   1.2000000e+01   1.4000000e+01
  889   1.4000000e+01   1.4000000e+01
  890   1.6000000e+01   1.4000000e+01
  891   1.8000000e+01   1.4000000e+01
  892   2.0000000e+01   1.4000000e+01
  893   2.2000000e+01   1.4000000e+01
  894   2.4000000e+01   1.4000000e+01
  895   2.6000000e+01   1.4000000e+01
  896   2.8000000e+01   1.4000000e+01
  897   3.0000000e+01   1.4000000e+01
  898   3.2000000e+01   1.4000000e+01
  899   3.4000000e+01   1.4000000e+01
  900   3.6000000e+01   1.4000000e+01
  901   3.8000000e+01   1.4000000e+01
  902   4.0000000e+01   1.4000000e+01
  903   4.2000000e+01   1.4000000e+01
  904   4.4000000e+01   1.4000000e+01
  905   4.6000000e+01   1.4000000e+01
  906   4.8000000e+01   1.4000000e+01
  907   5.0000000e+01   1.4000000e+01
  908   5.2000000e+01   1.4000000e+01
  909   5.4000000e+01   1.4000000e+01
  910   5.6000000e+01   1.4000000e+01
  911   5.8000000e+01   1.4000000e+01
  912   6.0000000e+01   1.4000000e+01
  913   6.2000000e+01   1.4000000e+01
  914   6.4000000e+01   1.4000000e+01
  915   6.6000000e+01   1.4000000e+01
  916   6.8000000e+01   1.4000000e+01
  917   7.0000000e+01   1.4000000e+01
  918   7.2000000e+01   1.4000000e+01
  919   7.4000000e+01   1.4000000e+01
  920   7.6000000e+01   1.4000000e+01
  921   7.8000000e+01   1.4000000e+01
  922   8.0000000e+01   1.4000000e+01
  923   8.2000000e+01   1.4000000e+01
  924   8.4000000e+01   1.4000000e+01
  925   8.6000000e+01   1.4000000e+01
  926   8.8000000e+01   1.4000000e+01
  927   9.0000000e+01   1.4000000e+01
  928   9.2000000e+01   1.4000000e+01
  929   9.4000000e+01   1.4000000e+01
  930   9.6000000e+01   1.4000000e+01
  931   9.8000000e+01   1.4000000e+01
  932   1.0000000e+02   1.4000000e+01
  933   1.0200000e+02   1.4000000e+01
  934   1.0400000e+02   1.4000000e+01
  935   1.0600000e+02   1.4000000e+01
  936  -2.0000000e+00   1.6000000e+01
  937   0.0000000e+00   1.6000000e+01
  938   2.0000000e+00   1.6000000e+01
  939   4.0000000e+00   1.6000000e+01
  940   6.0000000e+00   1.6000000e+01
  941   8.0000000e+00   1.6000000e+01
  942   1.0000000e+01   1.6000000e+01
  943   1.2000000e+01   1.6000000e+01
  944   1.4000000e+01   1.6000000e+01
  945   1.6000000e+01   1.6000000e+01
  946   1.8000000e+01   1.6000000e+01
  947   2.0000000e+01   1.6000000e+01
  948   2.2000000e+01   1.6000000e+01
  949   2.4000000e+01   1.6000000e+01
  950   2.6000000e+01   1.6000000e+01
  951   2.8000000e+01   1.6000000e+01
  952   3.0000000e+01   1.6000000e+01
  953   3.2000000e+01   1.6000000e+01
  954   3.4000000e+01   1.6000000e+01
  955   3.6000000e+01   1.6000000e+01
  956   3.8000000e+01   1.6000000e+01
  957   4.0000000e+01   1.6000000e+01
  958   4.2000000e+01   1.6000000e+01
  959   4.4000000e+01   1.6000000e+01
  960   4.6000000e+01   1.6000000e+01
  961   4.8000000e+01   1.6000000e+01
  962   5.0000000e+01   1.6000000e+01
  963   5.2000000e+01   1.6000000e+01
  964   5.4000000e+01   1.6000000e+01
  965   5.6000000e+01   1.6000000e+01
  966   5.8000000e+01   1.6000000e+01
  967   6.0000000e+01   1.6000000e+01
  968   6.2000000e+01   1.6000000e+01
  969   6.4000000e+01   1.6000000e+01
  970   6.6000000e+01   1.6000000e+01
  971   6.8000000e+01   1.6000000e+01
  972   7.0000000e+01   1.6000000e+01
  973   7.2000000e+01   1.6000000e+01
  974   7.4000000e+01   1.6000000e+01
  975   7.6000000e+01   1.6000000e+01
  976   7.8000000e+01   1.6000000e+01
  977   8.0000000e+01   1.6000000e+01
  978   8.2000000e+01   1.6000000e+01
  979   8.4000000e+01   1.6000000e+01
  980   8.6000000e+01   1.6000000e+01
  981   8.8000000e+01   1.6000000e+01
  982   9.0000000e+01   1.6000000e+01
  983   9.2000000e+01   1.6000000e+01
  984   9.4000000e+01   1.6000000e+01
  985   9.6000000e+01   1.6000000e+01
  986   9.8000000e+01   1.6000000e+01
  987   1.0000000e+02   1.6000000e+01
  988   1.0200000e+02   1.6000000e+01
  989   1.0400000e+02   1.6000000e+01
  990   1.0600000e+02   1.6000000e+01
  991  -2.0000000e+00   1.8000000e+01
  992   0.0000000e+00   1.8000000e+01
  993   2.0000000e+00   1.8000000e+01
  994   4.0000000e+00   1.8000000e+01
  995   6.0000000e+00   1.8000000e+01
  996   8.0000000e+00   1.8000000e+01
  997   1.0000000e+01   1.8000000e+01
  998   1.2000000e+01   1.8000000e+01
  999   1.4000000e+01   1.8000000e+01
 1000   1.6000000e+01   1.8000000e+01
 1001   1.8000000e+01   1.8000000e+01
 1002   2.0000000e+01   1.8000000e+01
 1003   2.2000000e+01   1.8000000e+01
 1004   2.4000000e+01   1.8000000e+01
 1005   2.6000000e+01   1.8000000e+01
 1006   2.8000000e+01   1.8000000e+01
 1007   3.0000000e+01   1.8000000e+01
 1008   3.2000000e+01   1.8000000e+01
 1009   3.4000000e+01   1.8000000e+01
 1010   3.6000000e+01   1.8000000e+01
 1011   3.8000000e+01   1.8000000e+01
 1012   4.0000000e+01   1.8000000e+01
 1013   4.2000000e+01   1.8000000e+01
 1014   4.4000000e+01   1.8000000e+01
 1015   4.6000000e+01   1.8000000e+01
 1016   4.8000000e+01   1.8000000e+01
 1017   5.0000000e+01   1.8000000e+01
 1018   5.2000000e+01   1.8000000e+01
 1019   5.4000000e+01   1.8000000e+01
 1020   5.6000000e+01   1.8000000e+01
 1021   5.8000000e+01   1.8000000e+01
 1022   6.0000000e+01   1.8000000e+01
 1023   6.2000000e+01   1.8000000e+01
 1024   6.4000000e+01   1.8000000e+01
 1025   6.6000000e+01   1.8000000e+01
 1026   6.8000000e+01   1.8000000e+01
 1027   7.0000000e+01   1.8000000e+01
 1028   7.2000000e+01   1.8000000e+01
 1029   7.4000000e+01   1.8000000e+01
 1030   7.6000000e+01   1.8000000e+01
 1031   7.8000000e+01   1.8000000e+01
 1032   8.0000000e+01   1.8000000e+01
 1033   8.2000000e+01   1.8000000e+01
 1034   8.4000000e+01   1.8000000e+01
 1035   8.6000000e+01   1.8000000e+01
 1036   8.8000000e+01   1.8000000e+01
 1037   9.0000000e+01   1.8000000e+01
 1038   9.2000000e+01   1.8000000e+01
 1039   9.4000000e+01   1.8000000e+01
 1040   9.6000000e+01   1.8000000e+01
 1041   9.8000000e+01   1.8000000e+01
 1042   1.0000000e+02   1.8000000e+01
 1043   1.0200000e+02   1.8000000e+01
 1044   1.0400000e+02   1.8000000e+01
 1045   1.0600000e+02   1.8000000e+01
