    1  2      1     2    57    56 
    2  2      2     3    58    57 
    3  2      3     4    59    58 
    4  2      4     5    60    59 
    5  2      5     6    61    60 
    6  2      6     7    62    61 
    7  2      7     8    63    62 
    8  2      8     9    64    63 
    9  2      9    10    65    64 
   10  2     10    11    66    65 
   11  2     11    12    67    66 
   12  2     12    13    68    67 
   13  2     13    14    69    68 
   14  2     14    15    70    69 
   15  2     15    16    71    70 
   16  2     16    17    72    71 
   17  2     17    18    73    72 
   18  2     18    19    74    73 
   19  2     19    20    75    74 
   20  2     20    21    76    75 
   21  2     21    22    77    76 
   22  2     22    23    78    77 
   23  2     23    24    79    78 
   24  2     24    25    80    79 
   25  2     25    26    81    80 
   26  2     26    27    82    81 
   27  2     27    28    83    82 
   28  2     28    29    84    83 
   29  2     29    30    85    84 
   30  2     30    31    86    85 
   31  2     31    32    87    86 
   32  2     32    33    88    87 
   33  2     33    34    89    88 
   34  2     34    35    90    89 
   35  2     35    36    91    90 
   36  2     36    37    92    91 
   37  2     37    38    93    92 
   38  2     38    39    94    93 
   39  2     39    40    95    94 
   40  2     40    41    96    95 
   41  2     41    42    97    96 
   42  2     42    43    98    97 
   43  2     43    44    99    98 
   44  2     44    45   100    99 
   45  2     45    46   101   100 
   46  2     46    47   102   101 
   47  2     47    48   103   102 
   48  2     48    49   104   103 
   49  2     49    50   105   104 
   50  2     50    51   106   105 
   51  2     51    52   107   106 
   52  2     52    53   108   107 
   53  2     53    54   109   108 
   54  2     54    55   110   109 
   55  2     56    57   112   111 
   56  2     57    58   113   112 
   57  2     58    59   114   113 
   58  2     59    60   115   114 
   59  2     60    61   116   115 
   60  2     61    62   117   116 
   61  2     62    63   118   117 
   62  2     63    64   119   118 
   63  2     64    65   120   119 
   64  2     65    66   121   120 
   65  2     66    67   122   121 
   66  2     67    68   123   122 
   67  2     68    69   124   123 
   68  2     69    70   125   124 
   69  2     70    71   126   125 
   70  2     71    72   127   126 
   71  2     72    73   128   127 
   72  2     73    74   129   128 
   73  2     74    75   130   129 
   74  2     75    76   131   130 
   75  2     76    77   132   131 
   76  2     77    78   133   132 
   77  2     78    79   134   133 
   78  2     79    80   135   134 
   79  2     80    81   136   135 
   80  2     81    82   137   136 
   81  2     82    83   138   137 
   82  2     83    84   139   138 
   83  2     84    85   140   139 
   84  2     85    86   141   140 
   85  2     86    87   142   141 
   86  2     87    88   143   142 
   87  2     88    89   144   143 
   88  2     89    90   145   144 
   89  2     90    91   146   145 
   90  2     91    92   147   146 
   91  2     92    93   148   147 
   92  2     93    94   149   148 
   93  2     94    95   150   149 
   94  2     95    96   151   150 
   95  2     96    97   152   151 
   96  2     97    98   153   152 
   97  2     98    99   154   153 
   98  2     99   100   155   154 
   99  2    100   101   156   155 
  100  2    101   102   157   156 
  101  2    102   103   158   157 
  102  2    103   104   159   158 
  103  2    104   105   160   159 
  104  2    105   106   161   160 
  105  2    106   107   162   161 
  106  2    107   108   163   162 
  107  2    108   109   164   163 
  108  2    109   110   165   164 
  109  2    111   112   167   166 
  110  2    112   113   168   167 
  111  2    113   114   169   168 
  112  2    114   115   170   169 
  113  2    115   116   171   170 
  114  2    116   117   172   171 
  115  2    117   118   173   172 
  116  2    118   119   174   173 
  117  2    119   120   175   174 
  118  2    120   121   176   175 
  119  2    121   122   177   176 
  120  2    122   123   178   177 
  121  2    123   124   179   178 
  122  2    124   125   180   179 
  123  2    125   126   181   180 
  124  2    126   127   182   181 
  125  2    127   128   183   182 
  126  2    128   129   184   183 
  127  2    129   130   185   184 
  128  2    130   131   186   185 
  129  2    131   132   187   186 
  130  2    132   133   188   187 
  131  2    133   134   189   188 
  132  2    134   135   190   189 
  133  2    135   136   191   190 
  134  2    136   137   192   191 
  135  2    137   138   193   192 
  136  2    138   139   194   193 
  137  2    139   140   195   194 
  138  2    140   141   196   195 
  139  2    141   142   197   196 
  140  2    142   143   198   197 
  141  2    143   144   199   198 
  142  2    144   145   200   199 
  143  2    145   146   201   200 
  144  2    146   147   202   201 
  145  2    147   148   203   202 
  146  2    148   149   204   203 
  147  2    149   150   205   204 
  148  2    150   151   206   205 
  149  2    151   152   207   206 
  150  2    152   153   208   207 
  151  2    153   154   209   208 
  152  2    154   155   210   209 
  153  2    155   156   211   210 
  154  2    156   157   212   211 
  155  2    157   158   213   212 
  156  2    158   159   214   213 
  157  2    159   160   215   214 
  158  2    160   161   216   215 
  159  2    161   162   217   216 
  160  2    162   163   218   217 
  161  2    163   164   219   218 
  162  2    164   165   220   219 
  163  2    166   167   222   221 
  164  2    167   168   223   222 
  165  2    168   169   224   223 
  166  2    169   170   225   224 
  167  2    170   171   226   225 
  168  2    171   172   227   226 
  169  2    172   173   228   227 
  170  2    173   174   229   228 
  171  2    174   175   230   229 
  172  2    175   176   231   230 
  173  2    176   177   232   231 
  174  2    177   178   233   232 
  175  2    178   179   234   233 
  176  2    179   180   235   234 
  177  2    180   181   236   235 
  178  2    181   182   237   236 
  179  2    182   183   238   237 
  180  2    183   184   239   238 
  181  2    184   185   240   239 
  182  2    185   186   241   240 
  183  2    186   187   242   241 
  184  2    187   188   243   242 
  185  2    188   189   244   243 
  186  2    189   190   245   244 
  187  2    190   191   246   245 
  188  2    191   192   247   246 
  189  2    192   193   248   247 
  190  2    193   194   249   248 
  191  2    194   195   250   249 
  192  2    195   196   251   250 
  193  2    196   197   252   251 
  194  2    197   198   253   252 
  195  2    198   199   254   253 
  196  2    199   200   255   254 
  197  2    200   201   256   255 
  198  2    201   202   257   256 
  199  2    202   203   258   257 
  200  2    203   204   259   258 
  201  2    204   205   260   259 
  202  2    205   206   261   260 
  203  2    206   207   262   261 
  204  2    207   208   263   262 
  205  2    208   209   264   263 
  206  2    209   210   265   264 
  207  2    210   211   266   265 
  208  2    211   212   267   266 
  209  2    212   213   268   267 
  210  2    213   214   269   268 
  211  2    214   215   270   269 
  212  2    215   216   271   270 
  213  2    216   217   272   271 
  214  2    217   218   273   272 
  215  2    218   219   274   273 
  216  2    219   220   275   274 
  217  2    221   222   277   276 
  218  2    222   223   278   277 
  219  2    223   224   279   278 
  220  2    224   225   280   279 
  221  2    225   226   281   280 
  222  2    226   227   282   281 
  223  2    227   228   283   282 
  224  2    228   229   284   283 
  225  2    229   230   285   284 
  226  2    230   231   286   285 
  227  2    231   232   287   286 
  228  2    232   233   288   287 
  229  2    233   234   289   288 
  230  2    234   235   290   289 
  231  2    235   236   291   290 
  232  2    236   237   292   291 
  233  2    237   238   293   292 
  234  2    238   239   294   293 
  235  2    239   240   295   294 
  236  2    240   241   296   295 
  237  2    241   242   297   296 
  238  2    242   243   298   297 
  239  2    243   244   299   298 
  240  2    244   245   300   299 
  241  2    245   246   301   300 
  242  2    246   247   302   301 
  243  2    247   248   303   302 
  244  2    248   249   304   303 
  245  2    249   250   305   304 
  246  2    250   251   306   305 
  247  2    251   252   307   306 
  248  2    252   253   308   307 
  249  2    253   254   309   308 
  250  2    254   255   310   309 
  251  2    255   256   311   310 
  252  2    256   257   312   311 
  253  2    257   258   313   312 
  254  2    258   259   314   313 
  255  2    259   260   315   314 
  256  2    260   261   316   315 
  257  2    261   262   317   316 
  258  2    262   263   318   317 
  259  2    263   264   319   318 
  260  2    264   265   320   319 
  261  2    265   266   321   320 
  262  2    266   267   322   321 
  263  2    267   268   323   322 
  264  2    268   269   324   323 
  265  2    269   270   325   324 
  266  2    270   271   326   325 
  267  2    271   272   327   326 
  268  2    272   273   328   327 
  269  2    273   274   329   328 
  270  2    274   275   330   329 
  271  2    276   277   332   331 
  272  2    277   278   333   332 
  273  2    278   279   334   333 
  274  2    279   280   335   334 
  275  2    280   281   336   335 
  276  2    281   282   337   336 
  277  2    282   283   338   337 
  278  2    283   284   339   338 
  279  2    284   285   340   339 
  280  2    285   286   341   340 
  281  2    286   287   342   341 
  282  2    287   288   343   342 
  283  2    288   289   344   343 
  284  2    289   290   345   344 
  285  2    290   291   346   345 
  286  2    291   292   347   346 
  287  2    292   293   348   347 
  288  2    293   294   349   348 
  289  2    294   295   350   349 
  290  2    295   296   351   350 
  291  2    296   297   352   351 
  292  2    297   298   353   352 
  293  2    298   299   354   353 
  294  2    299   300   355   354 
  295  2    300   301   356   355 
  296  2    301   302   357   356 
  297  2    302   303   358   357 
  298  2    303   304   359   358 
  299  2    304   305   360   359 
  300  2    305   306   361   360 
  301  2    306   307   362   361 
  302  2    307   308   363   362 
  303  2    308   309   364   363 
  304  2    309   310   365   364 
  305  2    310   311   366   365 
  306  2    311   312   367   366 
  307  2    312   313   368   367 
  308  2    313   314   369   368 
  309  2    314   315   370   369 
  310  2    315   316   371   370 
  311  2    316   317   372   371 
  312  2    317   318   373   372 
  313  2    318   319   374   373 
  314  2    319   320   375   374 
  315  2    320   321   376   375 
  316  2    321   322   377   376 
  317  2    322   323   378   377 
  318  2    323   324   379   378 
  319  2    324   325   380   379 
  320  2    325   326   381   380 
  321  2    326   327   382   381 
  322  2    327   328   383   382 
  323  2    328   329   384   383 
  324  2    329   330   385   384 
  325  2    331   332   387   386 
  326  2    332   333   388   387 
  327  2    333   334   389   388 
  328  2    334   335   390   389 
  329  2    335   336   391   390 
  330  2    336   337   392   391 
  331  2    337   338   393   392 
  332  2    338   339   394   393 
  333  2    339   340   395   394 
  334  2    340   341   396   395 
  335  2    341   342   397   396 
  336  2    342   343   398   397 
  337  2    343   344   399   398 
  338  2    344   345   400   399 
  339  2    345   346   401   400 
  340  2    346   347   402   401 
  341  2    347   348   403   402 
  342  2    348   349   404   403 
  343  2    349   350   405   404 
  344  2    350   351   406   405 
  345  2    351   352   407   406 
  346  2    352   353   408   407 
  347  2    353   354   409   408 
  348  2    354   355   410   409 
  349  2    355   356   411   410 
  350  2    356   357   412   411 
  351  2    357   358   413   412 
  352  2    358   359   414   413 
  353  2    359   360   415   414 
  354  2    360   361   416   415 
  355  2    361   362   417   416 
  356  2    362   363   418   417 
  357  2    363   364   419   418 
  358  2    364   365   420   419 
  359  2    365   366   421   420 
  360  2    366   367   422   421 
  361  2    367   368   423   422 
  362  2    368   369   424   423 
  363  2    369   370   425   424 
  364  2    370   371   426   425 
  365  2    371   372   427   426 
  366  2    372   373   428   427 
  367  2    373   374   429   428 
  368  2    374   375   430   429 
  369  2    375   376   431   430 
  370  2    376   377   432   431 
  371  2    377   378   433   432 
  372  2    378   379   434   433 
  373  2    379   380   435   434 
  374  2    380   381   436   435 
  375  2    381   382   437   436 
  376  2    382   383   438   437 
  377  2    383   384   439   438 
  378  2    384   385   440   439 
  379  2    386   387   442   441 
  380  2    387   388   443   442 
  381  2    388   389   444   443 
  382  2    389   390   445   444 
  383  2    390   391   446   445 
  384  2    391   392   447   446 
  385  2    392   393   448   447 
  386  2    393   394   449   448 
  387  2    394   395   450   449 
  388  2    395   396   451   450 
  389  2    396   397   452   451 
  390  2    397   398   453   452 
  391  2    398   399   454   453 
  392  2    399   400   455   454 
  393  2    400   401   456   455 
  394  2    401   402   457   456 
  395  2    402   403   458   457 
  396  2    403   404   459   458 
  397  2    404   405   460   459 
  398  2    405   406   461   460 
  399  2    406   407   462   461 
  400  2    407   408   463   462 
  401  2    408   409   464   463 
  402  2    409   410   465   464 
  403  2    410   411   466   465 
  404  2    411   412   467   466 
  405  2    412   413   468   467 
  406  2    413   414   469   468 
  407  2    414   415   470   469 
  408  2    415   416   471   470 
  409  2    416   417   472   471 
  410  2    417   418   473   472 
  411  2    418   419   474   473 
  412  2    419   420   475   474 
  413  2    420   421   476   475 
  414  2    421   422   477   476 
  415  2    422   423   478   477 
  416  2    423   424   479   478 
  417  2    424   425   480   479 
  418  2    425   426   481   480 
  419  2    426   427   482   481 
  420  2    427   428   483   482 
  421  2    428   429   484   483 
  422  2    429   430   485   484 
  423  2    430   431   486   485 
  424  2    431   432   487   486 
  425  2    432   433   488   487 
  426  2    433   434   489   488 
  427  2    434   435   490   489 
  428  2    435   436   491   490 
  429  2    436   437   492   491 
  430  2    437   438   493   492 
  431  2    438   439   494   493 
  432  2    439   440   495   494 
  433  2    441   442   497   496 
  434  2    442   443   498   497 
  435  2    443   444   499   498 
  436  2    444   445   500   499 
  437  2    445   446   501   500 
  438  2    446   447   502   501 
  439  2    447   448   503   502 
  440  2    448   449   504   503 
  441  2    449   450   505   504 
  442  2    450   451   506   505 
  443  2    451   452   507   506 
  444  2    452   453   508   507 
  445  2    453   454   509   508 
  446  2    454   455   510   509 
  447  2    455   456   511   510 
  448  2    456   457   512   511 
  449  2    457   458   513   512 
  450  2    458   459   514   513 
  451  2    459   460   515   514 
  452  2    460   461   516   515 
  453  2    461   462   517   516 
  454  2    462   463   518   517 
  455  2    463   464   519   518 
  456  2    464   465   520   519 
  457  2    465   466   521   520 
  458  2    466   467   522   521 
  459  2    467   468   523   522 
  460  2    468   469   524   523 
  461  2    469   470   525   524 
  462  2    470   471   526   525 
  463  2    471   472   527   526 
  464  2    472   473   528   527 
  465  2    473   474   529   528 
  466  2    474   475   530   529 
  467  2    475   476   531   530 
  468  2    476   477   532   531 
  469  2    477   478   533   532 
  470  2    478   479   534   533 
  471  2    479   480   535   534 
  472  2    480   481   536   535 
  473  2    481   482   537   536 
  474  2    482   483   538   537 
  475  2    483   484   539   538 
  476  2    484   485   540   539 
  477  2    485   486   541   540 
  478  2    486   487   542   541 
  479  2    487   488   543   542 
  480  2    488   489   544   543 
  481  2    489   490   545   544 
  482  2    490   491   546   545 
  483  2    491   492   547   546 
  484  2    492   493   548   547 
  485  2    493   494   549   548 
  486  2    494   495   550   549 
  487  2    496   497   552   551 
  488  2    497   498   553   552 
  489  2    498   499   554   553 
  490  2    499   500   555   554 
  491  2    500   501   556   555 
  492  2    501   502   557   556 
  493  2    502   503   558   557 
  494  2    503   504   559   558 
  495  2    504   505   560   559 
  496  2    505   506   561   560 
  497  2    506   507   562   561 
  498  2    507   508   563   562 
  499  2    508   509   564   563 
  500  2    509   510   565   564 
  501  2    510   511   566   565 
  502  2    511   512   567   566 
  503  2    512   513   568   567 
  504  2    513   514   569   568 
  505  2    514   515   570   569 
  506  2    515   516   571   570 
  507  2    516   517   572   571 
  508  2    517   518   573   572 
  509  2    518   519   574   573 
  510  2    519   520   575   574 
  511  2    520   521   576   575 
  512  2    521   522   577   576 
  513  2    522   523   578   577 
  514  2    523   524   579   578 
  515  2    524   525   580   579 
  516  2    525   526   581   580 
  517  2    526   527   582   581 
  518  2    527   528   583   582 
  519  2    528   529   584   583 
  520  2    529   530   585   584 
  521  2    530   531   586   585 
  522  2    531   532   587   586 
  523  2    532   533   588   587 
  524  2    533   534   589   588 
  525  2    534   535   590   589 
  526  2    535   536   591   590 
  527  2    536   537   592   591 
  528  2    537   538   593   592 
  529  2    538   539   594   593 
  530  2    539   540   595   594 
  531  2    540   541   596   595 
  532  2    541   542   597   596 
  533  2    542   543   598   597 
  534  2    543   544   599   598 
  535  2    544   545   600   599 
  536  2    545   546   601   600 
  537  2    546   547   602   601 
  538  2    547   548   603   602 
  539  2    548   549   604   603 
  540  2    549   550   605   604 
  541  2    551   552   607   606 
  542  2    552   553   608   607 
  543  2    553   554   609   608 
  544  2    554   555   610   609 
  545  2    555   556   611   610 
  546  2    556   557   612   611 
  547  2    557   558   613   612 
  548  2    558   559   614   613 
  549  2    559   560   615   614 
  550  2    560   561   616   615 
  551  2    561   562   617   616 
  552  2    562   563   618   617 
  553  2    563   564   619   618 
  554  2    564   565   620   619 
  555  2    565   566   621   620 
  556  2    566   567   622   621 
  557  2    567   568   623   622 
  558  2    568   569   624   623 
  559  2    569   570   625   624 
  560  2    570   571   626   625 
  561  2    571   572   627   626 
  562  2    572   573   628   627 
  563  2    573   574   629   628 
  564  2    574   575   630   629 
  565  2    575   576   631   630 
  566  2    576   577   632   631 
  567  2    577   578   633   632 
  568  2    578   579   634   633 
  569  2    579   580   635   634 
  570  2    580   581   636   635 
  571  2    581   582   637   636 
  572  2    582   583   638   637 
  573  2    583   584   639   638 
  574  2    584   585   640   639 
  575  2    585   586   641   640 
  576  2    586   587   642   641 
  577  2    587   588   643   642 
  578  2    588   589   644   643 
  579  2    589   590   645   644 
  580  2    590   591   646   645 
  581  2    591   592   647   646 
  582  2    592   593   648   647 
  583  2    593   594   649   648 
  584  2    594   595   650   649 
  585  2    595   596   651   650 
  586  2    596   597   652   651 
  587  2    597   598   653   652 
  588  2    598   599   654   653 
  589  2    599   600   655   654 
  590  2    600   601   656   655 
  591  2    601   602   657   656 
  592  2    602   603   658   657 
  593  2    603   604   659   658 
  594  2    604   605   660   659 
  595  2    606   607   662   661 
  596  2    607   608   663   662 
  597  2    608   609   664   663 
  598  2    609   610   665   664 
  599  2    610   611   666   665 
  600  2    611   612   667   666 
  601  2    612   613   668   667 
  602  2    613   614   669   668 
  603  2    614   615   670   669 
  604  2    615   616   671   670 
  605  2    616   617   672   671 
  606  2    617   618   673   672 
  607  2    618   619   674   673 
  608  2    619   620   675   674 
  609  2    620   621   676   675 
  610  2    621   622   677   676 
  611  2    622   623   678   677 
  612  2    623   624   679   678 
  613  2    624   625   680   679 
  614  2    625   626   681   680 
  615  2    626   627   682   681 
  616  2    627   628   683   682 
  617  2    628   629   684   683 
  618  2    629   630   685   684 
  619  2    630   631   686   685 
  620  2    631   632   687   686 
  621  2    632   633   688   687 
  622  2    633   634   689   688 
  623  2    634   635   690   689 
  624  2    635   636   691   690 
  625  2    636   637   692   691 
  626  2    637   638   693   692 
  627  2    638   639   694   693 
  628  2    639   640   695   694 
  629  2    640   641   696   695 
  630  2    641   642   697   696 
  631  2    642   643   698   697 
  632  2    643   644   699   698 
  633  2    644   645   700   699 
  634  2    645   646   701   700 
  635  2    646   647   702   701 
  636  2    647   648   703   702 
  637  2    648   649   704   703 
  638  2    649   650   705   704 
  639  2    650   651   706   705 
  640  2    651   652   707   706 
  641  2    652   653   708   707 
  642  2    653   654   709   708 
  643  2    654   655   710   709 
  644  2    655   656   711   710 
  645  2    656   657   712   711 
  646  2    657   658   713   712 
  647  2    658   659   714   713 
  648  2    659   660   715   714 
  649  2    661   662   717   716 
  650  2    662   663   718   717 
  651  2    663   664   719   718 
  652  2    664   665   720   719 
  653  2    665   666   721   720 
  654  2    666   667   722   721 
  655  2    667   668   723   722 
  656  2    668   669   724   723 
  657  2    669   670   725   724 
  658  2    670   671   726   725 
  659  2    671   672   727   726 
  660  2    672   673   728   727 
  661  2    673   674   729   728 
  662  2    674   675   730   729 
  663  2    675   676   731   730 
  664  2    676   677   732   731 
  665  2    677   678   733   732 
  666  2    678   679   734   733 
  667  2    679   680   735   734 
  668  2    680   681   736   735 
  669  2    681   682   737   736 
  670  2    682   683   738   737 
  671  2    683   684   739   738 
  672  2    684   685   740   739 
  673  2    685   686   741   740 
  674  2    686   687   742   741 
  675  2    687   688   743   742 
  676  2    688   689   744   743 
  677  2    689   690   745   744 
  678  2    690   691   746   745 
  679  2    691   692   747   746 
  680  2    692   693   748   747 
  681  2    693   694   749   748 
  682  2    694   695   750   749 
  683  2    695   696   751   750 
  684  2    696   697   752   751 
  685  2    697   698   753   752 
  686  2    698   699   754   753 
  687  2    699   700   755   754 
  688  2    700   701   756   755 
  689  2    701   702   757   756 
  690  2    702   703   758   757 
  691  2    703   704   759   758 
  692  2    704   705   760   759 
  693  2    705   706   761   760 
  694  2    706   707   762   761 
  695  2    707   708   763   762 
  696  2    708   709   764   763 
  697  2    709   710   765   764 
  698  2    710   711   766   765 
  699  2    711   712   767   766 
  700  2    712   713   768   767 
  701  2    713   714   769   768 
  702  2    714   715   770   769 
  703  2    716   717   772   771 
  704  2    717   718   773   772 
  705  2    718   719   774   773 
  706  2    719   720   775   774 
  707  2    720   721   776   775 
  708  2    721   722   777   776 
  709  2    722   723   778   777 
  710  2    723   724   779   778 
  711  2    724   725   780   779 
  712  2    725   726   781   780 
  713  2    726   727   782   781 
  714  2    727   728   783   782 
  715  2    728   729   784   783 
  716  2    729   730   785   784 
  717  2    730   731   786   785 
  718  2    731   732   787   786 
  719  2    732   733   788   787 
  720  2    733   734   789   788 
  721  2    734   735   790   789 
  722  2    735   736   791   790 
  723  2    736   737   792   791 
  724  2    737   738   793   792 
  725  2    738   739   794   793 
  726  2    739   740   795   794 
  727  2    740   741   796   795 
  728  2    741   742   797   796 
  729  2    742   743   798   797 
  730  2    743   744   799   798 
  731  2    744   745   800   799 
  732  2    745   746   801   800 
  733  2    746   747   802   801 
  734  2    747   748   803   802 
  735  2    748   749   804   803 
  736  2    749   750   805   804 
  737  2    750   751   806   805 
  738  2    751   752   807   806 
  739  2    752   753   808   807 
  740  2    753   754   809   808 
  741  2    754   755   810   809 
  742  2    755   756   811   810 
  743  2    756   757   812   811 
  744  2    757   758   813   812 
  745  2    758   759   814   813 
  746  2    759   760   815   814 
  747  2    760   761   816   815 
  748  2    761   762   817   816 
  749  2    762   763   818   817 
  750  2    763   764   819   818 
  751  2    764   765   820   819 
  752  2    765   766   821   820 
  753  2    766   767   822   821 
  754  2    767   768   823   822 
  755  2    768   769   824   823 
  756  2    769   770   825   824 
  757  2    771   772   827   826 
  758  2    772   773   828   827 
  759  2    773   774   829   828 
  760  2    774   775   830   829 
  761  2    775   776   831   830 
  762  2    776   777   832   831 
  763  2    777   778   833   832 
  764  2    778   779   834   833 
  765  2    779   780   835   834 
  766  2    780   781   836   835 
  767  2    781   782   837   836 
  768  2    782   783   838   837 
  769  2    783   784   839   838 
  770  2    784   785   840   839 
  771  2    785   786   841   840 
  772  2    786   787   842   841 
  773  2    787   788   843   842 
  774  2    788   789   844   843 
  775  2    789   790   845   844 
  776  2    790   791   846   845 
  777  2    791   792   847   846 
  778  2    792   793   848   847 
  779  2    793   794   849   848 
  780  2    794   795   850   849 
  781  2    795   796   851   850 
  782  2    796   797   852   851 
  783  2    797   798   853   852 
  784  2    798   799   854   853 
  785  2    799   800   855   854 
  786  2    800   801   856   855 
  787  2    801   802   857   856 
  788  2    802   803   858   857 
  789  2    803   804   859   858 
  790  2    804   805   860   859 
  791  2    805   806   861   860 
  792  2    806   807   862   861 
  793  2    807   808   863   862 
  794  2    808   809   864   863 
  795  2    809   810   865   864 
  796  2    810   811   866   865 
  797  2    811   812   867   866 
  798  2    812   813   868   867 
  799  2    813   814   869   868 
  800  2    814   815   870   869 
  801  2    815   816   871   870 
  802  2    816   817   872   871 
  803  2    817   818   873   872 
  804  2    818   819   874   873 
  805  2    819   820   875   874 
  806  2    820   821   876   875 
  807  2    821   822   877   876 
  808  2    822   823   878   877 
  809  2    823   824   879   878 
  810  2    824   825   880   879 
  811  2    826   827   882   881 
  812  2    827   828   883   882 
  813  2    828   829   884   883 
  814  2    829   830   885   884 
  815  2    830   831   886   885 
  816  2    831   832   887   886 
  817  2    832   833   888   887 
  818  2    833   834   889   888 
  819  2    834   835   890   889 
  820  2    835   836   891   890 
  821  2    836   837   892   891 
  822  2    837   838   893   892 
  823  2    838   839   894   893 
  824  2    839   840   895   894 
  825  2    840   841   896   895 
  826  2    841   842   897   896 
  827  2    842   843   898   897 
  828  2    843   844   899   898 
  829  2    844   845   900   899 
  830  2    845   846   901   900 
  831  2    846   847   902   901 
  832  2    847   848   903   902 
  833  2    848   849   904   903 
  834  2    849   850   905   904 
  835  2    850   851   906   905 
  836  2    851   852   907   906 
  837  2    852   853   908   907 
  838  2    853   854   909   908 
  839  2    854   855   910   909 
  840  2    855   856   911   910 
  841  2    856   857   912   911 
  842  2    857   858   913   912 
  843  2    858   859   914   913 
  844  2    859   860   915   914 
  845  2    860   861   916   915 
  846  2    861   862   917   916 
  847  2    862   863   918   917 
  848  2    863   864   919   918 
  849  2    864   865   920   919 
  850  2    865   866   921   920 
  851  2    866   867   922   921 
  852  2    867   868   923   922 
  853  2    868   869   924   923 
  854  2    869   870   925   924 
  855  2    870   871   926   925 
  856  2    871   872   927   926 
  857  2    872   873   928   927 
  858  2    873   874   929   928 
  859  2    874   875   930   929 
  860  2    875   876   931   930 
  861  2    876   877   932   931 
  862  2    877   878   933   932 
  863  2    878   879   934   933 
  864  2    879   880   935   934 
  865  2    881   882   937   936 
  866  2    882   883   938   937 
  867  2    883   884   939   938 
  868  2    884   885   940   939 
  869  2    885   886   941   940 
  870  2    886   887   942   941 
  871  2    887   888   943   942 
  872  2    888   889   944   943 
  873  2    889   890   945   944 
  874  2    890   891   946   945 
  875  2    891   892   947   946 
  876  2    892   893   948   947 
  877  2    893   894   949   948 
  878  2    894   895   950   949 
  879  2    895   896   951   950 
  880  2    896   897   952   951 
  881  2    897   898   953   952 
  882  2    898   899   954   953 
  883  2    899   900   955   954 
  884  2    900   901   956   955 
  885  2    901   902   957   956 
  886  2    902   903   958   957 
  887  2    903   904   959   958 
  888  2    904   905   960   959 
  889  2    905   906   961   960 
  890  2    906   907   962   961 
  891  2    907   908   963   962 
  892  2    908   909   964   963 
  893  2    909   910   965   964 
  894  2    910   911   966   965 
  895  2    911   912   967   966 
  896  2    912   913   968   967 
  897  2    913   914   969   968 
  898  2    914   915   970   969 
  899  2    915   916   971   970 
  900  2    916   917   972   971 
  901  2    917   918   973   972 
  902  2    918   919   974   973 
  903  2    919   920   975   974 
  904  2    920   921   976   975 
  905  2    921   922   977   976 
  906  2    922   923   978   977 
  907  2    923   924   979   978 
  908  2    924   925   980   979 
  909  2    925   926   981   980 
  910  2    926   927   982   981 
  911  2    927   928   983   982 
  912  2    928   929   984   983 
  913  2    929   930   985   984 
  914  2    930   931   986   985 
  915  2    931   932   987   986 
  916  2    932   933   988   987 
  917  2    933   934   989   988 
  918  2    934   935   990   989 
  919  2    936   937   992   991 
  920  2    937   938   993   992 
  921  2    938   939   994   993 
  922  2    939   940   995   994 
  923  2    940   941   996   995 
  924  2    941   942   997   996 
  925  2    942   943   998   997 
  926  2    943   944   999   998 
  927  2    944   945  1000   999 
  928  2    945   946  1001  1000 
  929  2    946   947  1002  1001 
  930  2    947   948  1003  1002 
  931  2    948   949  1004  1003 
  932  2    949   950  1005  1004 
  933  2    950   951  1006  1005 
  934  2    951   952  1007  1006 
  935  2    952   953  1008  1007 
  936  2    953   954  1009  1008 
  937  2    954   955  1010  1009 
  938  2    955   956  1011  1010 
  939  2    956   957  1012  1011 
  940  2    957   958  1013  1012 
  941  2    958   959  1014  1013 
  942  2    959   960  1015  1014 
  943  2    960   961  1016  1015 
  944  2    961   962  1017  1016 
  945  2    962   963  1018  1017 
  946  2    963   964  1019  1018 
  947  2    964   965  1020  1019 
  948  2    965   966  1021  1020 
  949  2    966   967  1022  1021 
  950  2    967   968  1023  1022 
  951  2    968   969  1024  1023 
  952  2    969   970  1025  1024 
  953  2    970   971  1026  1025 
  954  2    971   972  1027  1026 
  955  2    972   973  1028  1027 
  956  2    973   974  1029  1028 
  957  2    974   975  1030  1029 
  958  2    975   976  1031  1030 
  959  2    976   977  1032  1031 
  960  2    977   978  1033  1032 
  961  2    978   979  1034  1033 
  962  2    979   980  1035  1034 
  963  2    980   981  1036  1035 
  964  2    981   982  1037  1036 
  965  2    982   983  1038  1037 
  966  2    983   984  1039  1038 
  967  2    984   985  1040  1039 
  968  2    985   986  1041  1040 
  969  2    986   987  1042  1041 
  970  2    987   988  1043  1042 
  971  2    988   989  1044  1043 
  972  2    989   990  1045  1044 
