    302  1  1   0.0000000e+00   0.0000000e+00
    303  1  1   0.0000000e+00   0.0000000e+00
    332  1  1   0.0000000e+00   0.0000000e+00
    333  1  1   0.0000000e+00   0.0000000e+00
    362  1  1   0.0000000e+00   0.0000000e+00
    363  1  1   0.0000000e+00   0.0000000e+00
    392  1  1   0.0000000e+00   0.0000000e+00
    393  1  1   0.0000000e+00   0.0000000e+00
    422  1  1   0.0000000e+00   0.0000000e+00
    423  1  1   0.0000000e+00   0.0000000e+00
    452  1  1   0.0000000e+00   0.0000000e+00
    453  1  1   0.0000000e+00   0.0000000e+00
    482  1  1   0.0000000e+00   0.0000000e+00
    483  1  1   0.0000000e+00   0.0000000e+00
    572  1  1   0.0000000e+00   0.0000000e+00
    573  1  1   0.0000000e+00   0.0000000e+00
    602  1  1   0.0000000e+00   0.0000000e+00
    603  1  1   0.0000000e+00   0.0000000e+00
    632  1  1   0.0000000e+00   0.0000000e+00
    633  1  1   0.0000000e+00   0.0000000e+00
    662  1  1   0.0000000e+00   0.0000000e+00
    663  1  1   0.0000000e+00   0.0000000e+00
    692  1  1   0.0000000e+00   0.0000000e+00
    693  1  1   0.0000000e+00   0.0000000e+00
    722  1  1   0.0000000e+00   0.0000000e+00
    723  1  1   0.0000000e+00   0.0000000e+00
    752  1  1   0.0000000e+00   0.0000000e+00
    753  1  1   0.0000000e+00   0.0000000e+00
    842  1  1   0.0000000e+00   0.0000000e+00
    843  1  1   0.0000000e+00   0.0000000e+00
    872  1  1   0.0000000e+00   0.0000000e+00
    873  1  1   0.0000000e+00   0.0000000e+00
    902  1  1   0.0000000e+00   0.0000000e+00
    903  1  1   0.0000000e+00   0.0000000e+00
    932  1  1   0.0000000e+00   0.0000000e+00
    933  1  1   0.0000000e+00   0.0000000e+00
    962  1  1   0.0000000e+00   0.0000000e+00
    963  1  1   0.0000000e+00   0.0000000e+00
    992  1  1   0.0000000e+00   0.0000000e+00
    993  1  1   0.0000000e+00   0.0000000e+00
   1022  1  1   0.0000000e+00   0.0000000e+00
   1023  1  1   0.0000000e+00   0.0000000e+00
   1112  1  1   0.0000000e+00   0.0000000e+00
   1113  1  1   0.0000000e+00   0.0000000e+00
   1142  1  1   0.0000000e+00   0.0000000e+00
   1143  1  1   0.0000000e+00   0.0000000e+00
   1172  1  1   0.0000000e+00   0.0000000e+00
   1173  1  1   0.0000000e+00   0.0000000e+00
   1202  1  1   0.0000000e+00   0.0000000e+00
   1203  1  1   0.0000000e+00   0.0000000e+00
   1232  1  1   0.0000000e+00   0.0000000e+00
   1233  1  1   0.0000000e+00   0.0000000e+00
   1262  1  1   0.0000000e+00   0.0000000e+00
   1263  1  1   0.0000000e+00   0.0000000e+00
   1292  1  1   0.0000000e+00   0.0000000e+00
   1293  1  1   0.0000000e+00   0.0000000e+00
   1382  1  1   0.0000000e+00   0.0000000e+00
   1383  1  1   0.0000000e+00   0.0000000e+00
   1412  1  1   0.0000000e+00   0.0000000e+00
   1413  1  1   0.0000000e+00   0.0000000e+00
   1442  1  1   0.0000000e+00   0.0000000e+00
   1443  1  1   0.0000000e+00   0.0000000e+00
   1472  1  1   0.0000000e+00   0.0000000e+00
   1473  1  1   0.0000000e+00   0.0000000e+00
   1502  1  1   0.0000000e+00   0.0000000e+00
   1503  1  1   0.0000000e+00   0.0000000e+00
   1532  1  1   0.0000000e+00   0.0000000e+00
   1533  1  1   0.0000000e+00   0.0000000e+00
   1562  1  1   0.0000000e+00   0.0000000e+00
   1563  1  1   0.0000000e+00   0.0000000e+00
   1652  1  1   0.0000000e+00   0.0000000e+00
   1653  1  1   0.0000000e+00   0.0000000e+00
   1682  1  1   0.0000000e+00   0.0000000e+00
   1683  1  1   0.0000000e+00   0.0000000e+00
   1712  1  1   0.0000000e+00   0.0000000e+00
   1713  1  1   0.0000000e+00   0.0000000e+00
   1742  1  1   0.0000000e+00   0.0000000e+00
   1743  1  1   0.0000000e+00   0.0000000e+00
   1772  1  1   0.0000000e+00   0.0000000e+00
   1773  1  1   0.0000000e+00   0.0000000e+00
   1802  1  1   0.0000000e+00   0.0000000e+00
   1803  1  1   0.0000000e+00   0.0000000e+00
   1832  1  1   0.0000000e+00   0.0000000e+00
   1833  1  1   0.0000000e+00   0.0000000e+00
   1922  1  1   0.0000000e+00   0.0000000e+00
   1923  1  1   0.0000000e+00   0.0000000e+00
   1952  1  1   0.0000000e+00   0.0000000e+00
   1953  1  1   0.0000000e+00   0.0000000e+00
   1982  1  1   0.0000000e+00   0.0000000e+00
   1983  1  1   0.0000000e+00   0.0000000e+00
   2012  1  1   0.0000000e+00   0.0000000e+00
   2013  1  1   0.0000000e+00   0.0000000e+00
   2042  1  1   0.0000000e+00   0.0000000e+00
   2043  1  1   0.0000000e+00   0.0000000e+00
   2072  1  1   0.0000000e+00   0.0000000e+00
   2073  1  1   0.0000000e+00   0.0000000e+00
   2102  1  1   0.0000000e+00   0.0000000e+00
   2103  1  1   0.0000000e+00   0.0000000e+00
   2192  1  1   0.0000000e+00   0.0000000e+00
   2193  1  1   0.0000000e+00   0.0000000e+00
   2222  1  1   0.0000000e+00   0.0000000e+00
   2223  1  1   0.0000000e+00   0.0000000e+00
   2252  1  1   0.0000000e+00   0.0000000e+00
   2253  1  1   0.0000000e+00   0.0000000e+00
   2282  1  1   0.0000000e+00   0.0000000e+00
   2283  1  1   0.0000000e+00   0.0000000e+00
   2312  1  1   0.0000000e+00   0.0000000e+00
   2313  1  1   0.0000000e+00   0.0000000e+00
   2342  1  1   0.0000000e+00   0.0000000e+00
   2343  1  1   0.0000000e+00   0.0000000e+00
   2372  1  1   0.0000000e+00   0.0000000e+00
   2373  1  1   0.0000000e+00   0.0000000e+00
    302  3  1   0.0000000e+00   0.0000000e+00
    303  3  1   0.0000000e+00   0.0000000e+00
    332  3  1   0.0000000e+00   0.0000000e+00
    333  3  1   0.0000000e+00   0.0000000e+00
    362  3  1   0.0000000e+00   0.0000000e+00
    363  3  1   0.0000000e+00   0.0000000e+00
    392  3  1   0.0000000e+00   0.0000000e+00
    393  3  1   0.0000000e+00   0.0000000e+00
    422  3  1   0.0000000e+00   0.0000000e+00
    423  3  1   0.0000000e+00   0.0000000e+00
    452  3  1   0.0000000e+00   0.0000000e+00
    453  3  1   0.0000000e+00   0.0000000e+00
    482  3  1   0.0000000e+00   0.0000000e+00
    483  3  1   0.0000000e+00   0.0000000e+00
    572  3  1   0.0000000e+00   0.0000000e+00
    573  3  1   0.0000000e+00   0.0000000e+00
    602  3  1   0.0000000e+00   0.0000000e+00
    603  3  1   0.0000000e+00   0.0000000e+00
    632  3  1   0.0000000e+00   0.0000000e+00
    633  3  1   0.0000000e+00   0.0000000e+00
    662  3  1   0.0000000e+00   0.0000000e+00
    663  3  1   0.0000000e+00   0.0000000e+00
    692  3  1   0.0000000e+00   0.0000000e+00
    693  3  1   0.0000000e+00   0.0000000e+00
    722  3  1   0.0000000e+00   0.0000000e+00
    723  3  1   0.0000000e+00   0.0000000e+00
    752  3  1   0.0000000e+00   0.0000000e+00
    753  3  1   0.0000000e+00   0.0000000e+00
    842  3  1   0.0000000e+00   0.0000000e+00
    843  3  1   0.0000000e+00   0.0000000e+00
    872  3  1   0.0000000e+00   0.0000000e+00
    873  3  1   0.0000000e+00   0.0000000e+00
    902  3  1   0.0000000e+00   0.0000000e+00
    903  3  1   0.0000000e+00   0.0000000e+00
    932  3  1   0.0000000e+00   0.0000000e+00
    933  3  1   0.0000000e+00   0.0000000e+00
    962  3  1   0.0000000e+00   0.0000000e+00
    963  3  1   0.0000000e+00   0.0000000e+00
    992  3  1   0.0000000e+00   0.0000000e+00
    993  3  1   0.0000000e+00   0.0000000e+00
   1022  3  1   0.0000000e+00   0.0000000e+00
   1023  3  1   0.0000000e+00   0.0000000e+00
   1112  3  1   0.0000000e+00   0.0000000e+00
   1113  3  1   0.0000000e+00   0.0000000e+00
   1142  3  1   0.0000000e+00   0.0000000e+00
   1143  3  1   0.0000000e+00   0.0000000e+00
   1172  3  1   0.0000000e+00   0.0000000e+00
   1173  3  1   0.0000000e+00   0.0000000e+00
   1202  3  1   0.0000000e+00   0.0000000e+00
   1203  3  1   0.0000000e+00   0.0000000e+00
   1232  3  1   0.0000000e+00   0.0000000e+00
   1233  3  1   0.0000000e+00   0.0000000e+00
   1262  3  1   0.0000000e+00   0.0000000e+00
   1263  3  1   0.0000000e+00   0.0000000e+00
   1292  3  1   0.0000000e+00   0.0000000e+00
   1293  3  1   0.0000000e+00   0.0000000e+00
   1382  3  1   0.0000000e+00   0.0000000e+00
   1383  3  1   0.0000000e+00   0.0000000e+00
   1412  3  1   0.0000000e+00   0.0000000e+00
   1413  3  1   0.0000000e+00   0.0000000e+00
   1442  3  1   0.0000000e+00   0.0000000e+00
   1443  3  1   0.0000000e+00   0.0000000e+00
   1472  3  1   0.0000000e+00   0.0000000e+00
   1473  3  1   0.0000000e+00   0.0000000e+00
   1502  3  1   0.0000000e+00   0.0000000e+00
   1503  3  1   0.0000000e+00   0.0000000e+00
   1532  3  1   0.0000000e+00   0.0000000e+00
   1533  3  1   0.0000000e+00   0.0000000e+00
   1562  3  1   0.0000000e+00   0.0000000e+00
   1563  3  1   0.0000000e+00   0.0000000e+00
   1652  3  1   0.0000000e+00   0.0000000e+00
   1653  3  1   0.0000000e+00   0.0000000e+00
   1682  3  1   0.0000000e+00   0.0000000e+00
   1683  3  1   0.0000000e+00   0.0000000e+00
   1712  3  1   0.0000000e+00   0.0000000e+00
   1713  3  1   0.0000000e+00   0.0000000e+00
   1742  3  1   0.0000000e+00   0.0000000e+00
   1743  3  1   0.0000000e+00   0.0000000e+00
   1772  3  1   0.0000000e+00   0.0000000e+00
   1773  3  1   0.0000000e+00   0.0000000e+00
   1802  3  1   0.0000000e+00   0.0000000e+00
   1803  3  1   0.0000000e+00   0.0000000e+00
   1832  3  1   0.0000000e+00   0.0000000e+00
   1833  3  1   0.0000000e+00   0.0000000e+00
   1922  3  1   0.0000000e+00   0.0000000e+00
   1923  3  1   0.0000000e+00   0.0000000e+00
   1952  3  1   0.0000000e+00   0.0000000e+00
   1953  3  1   0.0000000e+00   0.0000000e+00
   1982  3  1   0.0000000e+00   0.0000000e+00
   1983  3  1   0.0000000e+00   0.0000000e+00
   2012  3  1   0.0000000e+00   0.0000000e+00
   2013  3  1   0.0000000e+00   0.0000000e+00
   2042  3  1   0.0000000e+00   0.0000000e+00
   2043  3  1   0.0000000e+00   0.0000000e+00
   2072  3  1   0.0000000e+00   0.0000000e+00
   2073  3  1   0.0000000e+00   0.0000000e+00
   2102  3  1   0.0000000e+00   0.0000000e+00
   2103  3  1   0.0000000e+00   0.0000000e+00
   2192  3  1   0.0000000e+00   0.0000000e+00
   2193  3  1   0.0000000e+00   0.0000000e+00
   2222  3  1   0.0000000e+00   0.0000000e+00
   2223  3  1   0.0000000e+00   0.0000000e+00
   2252  3  1   0.0000000e+00   0.0000000e+00
   2253  3  1   0.0000000e+00   0.0000000e+00
   2282  3  1   0.0000000e+00   0.0000000e+00
   2283  3  1   0.0000000e+00   0.0000000e+00
   2312  3  1   0.0000000e+00   0.0000000e+00
   2313  3  1   0.0000000e+00   0.0000000e+00
   2342  3  1   0.0000000e+00   0.0000000e+00
   2343  3  1   0.0000000e+00   0.0000000e+00
   2372  3  1   0.0000000e+00   0.0000000e+00
   2373  3  1   0.0000000e+00   0.0000000e+00
